   1.00000000000000       8.8708643E-03  1.8779903E-03
   1.25000000000000       6.2618400E-03  2.8339999E-03
   1.50000000000000       1.1607845E-02  4.8517040E-04
   1.75000000000000       2.4188612E-02 -2.0722104E-03
   2.00000000000000       6.8138484E-03  1.5369926E-03
   2.25000000000000       7.7053183E-03  8.0853497E-04
   2.50000000000000       2.0394374E-03  6.0659456E-03
   2.75000000000000       2.8339999E-03  3.9985399E-03
   3.00000000000000       2.2049143E-03  5.1706694E-03
   3.25000000000000       1.4590939E-04  5.6346133E-03
   3.50000000000000      -1.0341500E-04  6.0173748E-03
   3.75000000000000      -2.2722336E-03 -7.5701339E-04
   4.00000000000000      -4.6789497E-03  4.0882398E-05
   4.25000000000000      -7.3853624E-03 -2.6896896E-03
   4.50000000000000      -8.6433748E-03 -5.4937378E-03
   4.75000000000000      -1.8537739E-02 -7.4382853E-03
   5.00000000000000      -1.2996815E-02 -5.8726305E-03
   5.25000000000000      -1.2194414E-02 -8.4184641E-03
   5.50000000000000      -1.6287729E-02 -1.6971501E-02
   5.75000000000000      -1.0351109E-02 -7.9763811E-03
   6.00000000000000      -1.1351340E-02 -3.3593976E-03
   6.25000000000000      -4.1229734E-03 -1.1034296E-03
   6.50000000000000      -1.0783632E-02 -6.5590459E-04
   6.75000000000000      -3.3593976E-03  2.0360600E-05
   7.00000000000000      -4.1647735E-03  8.6070137E-04
   7.25000000000000       1.2725024E-03  2.0068255E-03
   7.50000000000000      -1.3301496E-03  1.1591424E-03
   7.75000000000000       3.0553015E-03  1.8145400E-03
   8.00000000000000       5.0346297E-03  2.2384934E-03
   8.25000000000000       1.2996815E-02  5.8726305E-03
   8.50000000000000       1.0908661E-02  8.0859354E-03
   8.75000000000000       1.9635908E-02  1.0908661E-02
   9.00000000000000       6.3607544E-03  1.2459301E-02
   9.25000000000000       4.0882398E-05  3.0816115E-02
   9.50000000000000      -3.9985399E-03  4.0692165E-02
   9.75000000000000      -2.9439253E-03  5.5870809E-02
   10.0000000000000       1.2726769E-02  4.8998628E-02
   10.2500000000000       2.7785871E-02  1.8571831E-02
   10.5000000000000       6.5590459E-04  1.1801917E-02
   10.7500000000000      -3.9573847E-03  5.8726305E-03
   11.0000000000000      -6.0173748E-03  8.3453761E-04
   11.2500000000000      -1.7125223E-02 -5.1251617E-03
   11.5000000000000      -3.0390961E-02 -8.1961332E-03
   11.7500000000000      -4.7110520E-02 -1.7746560E-02
   12.0000000000000      -3.5101030E-02 -1.2062937E-02
   12.2500000000000      -5.8447935E-02 -1.1287617E-02
   12.5000000000000      -6.4418115E-02 -1.1351340E-02
   12.7500000000000      -9.4802856E-02 -1.0659249E-02
   13.0000000000000      -9.1142416E-02 -1.5913498E-02
   13.2500000000000      -8.4866039E-02 -9.6873892E-03
   13.5000000000000      -6.4418115E-02 -1.1351340E-02
   13.7500000000000      -5.0930023E-02 -1.5250037E-02
   14.0000000000000      -3.3283304E-02 -2.2823505E-02
   14.2500000000000      -2.7336139E-02 -2.5169766E-02
   14.5000000000000      -1.5913498E-02 -1.8537739E-02
   14.7500000000000      -1.0659249E-02 -1.6894881E-02
   15.0000000000000      -7.3326007E-03 -6.1635706E-03
   15.2500000000000      -4.6142458E-04 -8.6070137E-04
   15.5000000000000      -5.8726305E-03 -3.2233499E-04
   15.7500000000000       2.7726140E-04 -1.1591424E-03
   16.0000000000000      -3.0553015E-03  3.8755573E-03
   16.2500000000000       1.2154999E-03  7.2800000E-03
   16.5000000000000      -7.9763811E-03  4.4189598E-03
   16.7500000000000      -3.9573847E-03  1.5943950E-02
   17.0000000000000      -5.7769399E-03  1.2392838E-02
   17.2500000000000      -1.0289965E-02  7.9218466E-03
   17.5000000000000      -4.8111207E-03  7.7592083E-03
   17.7500000000000      -1.2861470E-02  3.9163902E-03
   18.0000000000000      -5.3543127E-03  5.9689656E-03
   18.2500000000000      -1.3201042E-02  4.7669024E-03
   18.5000000000000      -2.1433815E-02  3.5546965E-03
   18.7500000000000      -2.2823505E-02  1.5975414E-03
   19.0000000000000      -1.3064730E-02  5.3314556E-04
   19.2500000000000      -1.1224055E-02 -9.3335817E-03
   19.5000000000000      -7.2275605E-03 -2.2384794E-02
   19.7500000000000       6.5590459E-04 -4.7228453E-03
   20.0000000000000       1.1672375E-02 -6.0173748E-03
   20.2500000000000       5.1938765E-02 -1.4590939E-04
   20.5000000000000       5.9382111E-02 -3.5942399E-03
   20.7500000000000       1.7031293E-02  1.6739839E-04
   21.0000000000000       4.9000406E-03 -1.5975414E-03
   21.2500000000000      -9.4015995E-04 -9.3921460E-03
   21.5000000000000      -9.8664695E-03 -7.3326007E-03
   21.7500000000000      -9.8664695E-03 -2.0754445E-02
   22.0000000000000      -4.4189598E-03 -1.5250037E-02
   22.2500000000000      -2.2384934E-03 -3.3981351E-03
   22.5000000000000      -5.1251617E-03 -1.1287617E-02
   22.7500000000000       1.3592150E-03 -9.7469212E-03
   23.0000000000000      -3.7943749E-03 -6.7120325E-03
   23.2500000000000      -1.4590939E-04 -5.6346133E-03
   23.5000000000000      -7.2275605E-03 -4.6789497E-03
   23.7500000000000      -5.4937378E-03 -2.3061349E-03
   24.0000000000000      -8.8708643E-03 -1.8779903E-03
   24.2500000000000      -1.2525926E-02 -5.3081601E-03
   24.5000000000000      -1.6894881E-02 -1.1997440E-02
   24.7500000000000      -1.0535509E-02 -1.4528173E-02
   25.0000000000000      -1.9508434E-02 -7.0712096E-03
   25.2500000000000      -2.9071223E-03 -3.6339446E-03
   25.5000000000000      -4.8111207E-03  1.3012454E-03
   25.7500000000000       3.9573847E-03  1.0228982E-02
   26.0000000000000       6.6108615E-03  2.6517278E-02
   26.2500000000000      -4.3784000E-04  6.8138484E-03
   26.5000000000000      -7.3853624E-03 -2.6896896E-03
   26.7500000000000      -2.1092841E-02 -9.6280184E-03
   27.0000000000000      -1.8858725E-02 -1.1097413E-02
   27.2500000000000      -2.6007323E-02 -1.1160653E-02
   27.5000000000000      -1.0721360E-02 -1.1097413E-02
   27.7500000000000      -2.5129286E-03 -9.6280184E-03
   28.0000000000000      -1.0758149E-03 -8.3069764E-03
   28.2500000000000      -1.0351109E-02 -7.9763811E-03
   28.5000000000000      -1.8219333E-02 -1.2996815E-02
   28.7500000000000      -3.6743592E-02 -2.2647537E-02
   29.0000000000000      -4.2957135E-02 -1.5543297E-02
   29.2500000000000      -1.8778237E-02 -4.9447422E-03
   29.5000000000000      -2.0068255E-03 -2.9439253E-03
   29.7500000000000       2.5496641E-04 -5.4006265E-03
   30.0000000000000      -1.2439205E-03 -3.4760933E-03
   30.2500000000000      -1.1415225E-02 -2.9988086E-02
   30.5000000000000      -9.1588534E-03 -6.5881506E-02
   30.7500000000000      -2.0251689E-02 -5.4357614E-02
   31.0000000000000      -3.2548372E-02 -3.2652877E-02
   31.2500000000000      -6.8256445E-02 -2.4801709E-02
   31.5000000000000      -0.1103451     -1.8140135E-02
   31.7500000000000      -0.1523984     -1.0971418E-02
   32.0000000000000      -0.1159142      1.2725024E-03
   32.2500000000000      -6.9163092E-03  8.1961332E-03
   32.5000000000000      -9.9866623E-03  6.8649985E-03
   32.7500000000000      -2.4985416E-02  6.8138484E-03
   33.0000000000000      -4.9129535E-02  1.1872406E-03
   33.2500000000000      -8.2220279E-02 -6.6108615E-03
   33.5000000000000      -8.7553069E-02 -4.5916415E-03
   33.7500000000000      -8.9424334E-02  1.2154999E-03
   34.0000000000000      -5.2894183E-02  9.9393842E-04
   34.2500000000000      -4.1535724E-02  2.3744213E-03
   34.5000000000000      -3.4992814E-02  2.9071223E-03
   34.7500000000000      -3.6965340E-02  5.7769399E-03
   35.0000000000000      -3.1000109E-02  5.0346297E-03
   35.2500000000000      -1.9263584E-02  1.6280576E-03
   35.5000000000000      -5.6346133E-03  1.1737065E-02
   35.7500000000000       8.2409599E-05  6.1146775E-03
   36.0000000000000       1.6335197E-02  1.3876855E-02
   36.2500000000000       1.6631745E-02  2.8339999E-03
   36.5000000000000       1.4150284E-02  2.2384934E-03
   36.7500000000000       2.2049143E-03  2.0360600E-05
   37.0000000000000      -9.1351260E-04  7.0613658E-04
   37.2500000000000      -1.7746560E-02  1.7830565E-03
   37.5000000000000      -2.6101189E-02  2.2722336E-03
   37.7500000000000      -5.0800372E-02  1.4178294E-03
   38.0000000000000      -3.9791606E-02  8.6433748E-03
   38.2500000000000      -5.0412375E-02  7.3853624E-03
   38.5000000000000      -4.9257092E-02  7.5446148E-03
   38.7500000000000      -5.6112275E-02  1.2260393E-02
   39.0000000000000      -3.2235816E-02  5.3543127E-03
   39.2500000000000      -5.0025832E-02  1.1034335E-02
   39.5000000000000      -5.7894178E-02  6.1146775E-03
   39.7500000000000      -5.9283409E-02  2.0398397E-02
   40.0000000000000      -4.7862817E-02  1.1997440E-02
   40.2500000000000      -3.4346912E-02  1.4334053E-02
   40.5000000000000      -1.9590374E-02  2.6768625E-02
   40.7500000000000      -1.6895735E-03  3.4003157E-02
   41.0000000000000       6.1635706E-03  3.6019862E-02
   41.2500000000000       1.8258389E-02  1.8467054E-02
   41.5000000000000       5.2621686E-03 -1.2439205E-03
   41.7500000000000       4.5049782E-03 -3.0927493E-03
   42.0000000000000      -6.6613662E-03 -1.8461846E-03
   42.2500000000000      -1.5764933E-02 -6.0631736E-04
   42.5000000000000      -2.0251689E-02 -3.7943749E-03
   42.7500000000000      -3.7858784E-02 -1.8145400E-03
   43.0000000000000      -5.7756141E-02 -6.0173748E-03
   43.2500000000000      -4.2957135E-02 -1.5369926E-03
   43.5000000000000      -2.8207066E-02  1.1591424E-03
   43.7500000000000      -1.3544645E-02  3.8348855E-03
   44.0000000000000      -1.1034335E-02  1.5975414E-03
   44.2500000000000      -1.6742125E-02 -4.1647735E-03
   44.5000000000000      -1.0228982E-02 -6.3112164E-03
   44.7500000000000      -1.6212560E-02 -9.2751775E-03
   45.0000000000000      -7.8132600E-03 -8.4744506E-03
   45.2500000000000      -1.5988022E-02 -5.9207175E-03
   45.5000000000000      -1.3613850E-02 -2.9071223E-03
   45.7500000000000      -1.9345040E-02 -7.5446148E-03
   46.0000000000000      -2.5169766E-02 -8.5305972E-03
   46.2500000000000      -3.7522536E-02 -3.6339446E-03
   46.5000000000000      -3.1615060E-02 -1.3592150E-03
   46.7500000000000      -2.8992182E-02 -8.6070137E-04
   47.0000000000000      -1.3822430E-02 -2.5479584E-03
   47.2500000000000      -6.0173748E-03  8.3453761E-04
   47.5000000000000      -1.8145400E-03 -1.6739839E-04
   47.7500000000000      -5.4006265E-03 -1.3301496E-03
   48.0000000000000      -2.1086000E-04 -6.1565399E-05
   48.2500000000000      -4.3784000E-04  8.3453761E-04
   48.5000000000000       5.3314556E-04  6.0631736E-04
   48.7500000000000       9.6696860E-04  9.9393842E-04
   49.0000000000000       4.2488575E-03  3.1681287E-03
   49.2500000000000       1.8461846E-03  3.6738103E-03
   49.5000000000000       6.0173748E-03  1.1672375E-02
   49.7500000000000       4.2911414E-03  1.6830927E-02
   50.0000000000000       1.1479271E-02  1.0659249E-02
   50.2500000000000       9.1009336E-03  1.2659660E-02
   50.5000000000000       9.7469212E-03  1.5557444E-02
   50.7500000000000       5.4471013E-03  1.2128594E-02
   51.0000000000000       5.8726305E-03  5.7769399E-03
   51.2500000000000       1.0473882E-02  7.4382853E-03
   51.5000000000000       8.9855762E-03 -2.3283259E-04
   51.7500000000000       1.4150284E-02 -1.8779903E-03
   52.0000000000000       9.9264849E-03  8.2409599E-05
   52.2500000000000       8.5305972E-03  4.0813345E-03
   52.5000000000000       8.3453761E-04  6.0173748E-03
   52.7500000000000      -6.8093999E-04  7.5701339E-04
   53.0000000000000      -7.6515893E-03 -2.0068255E-03
   53.2500000000000      -8.1409533E-03 -5.3543127E-03
   53.5000000000000      -1.3752742E-02 -4.1647735E-03
   53.7500000000000      -3.6738103E-03 -9.5097600E-03
   54.0000000000000       1.6895735E-03 -2.7726140E-04
   54.2500000000000       1.8779903E-03  9.4015995E-04
   54.5000000000000       7.7592083E-03  3.1303584E-03
   54.7500000000000       1.5080981E-02  7.2275605E-03
   55.0000000000000       2.9744333E-02  6.3607544E-03
   55.2500000000000       3.3016589E-02  1.5461558E-02
   55.5000000000000       3.9001647E-02  1.9743945E-02
   55.7500000000000       5.5145223E-02  1.8154500E-02
   56.0000000000000       3.1906869E-02  9.3921460E-03
   56.2500000000000       2.4069015E-02  2.7274877E-02
   56.5000000000000       7.8674722E-03  4.7141828E-02
   56.7500000000000       2.4433525E-03  5.2114382E-02
   57.0000000000000       3.3981351E-03  1.8779903E-03
   57.2500000000000       6.4751692E-02  7.1752826E-03
   57.5000000000000       9.6994087E-02  2.1625938E-02
   57.7500000000000       0.1265296      5.5145223E-02
   58.0000000000000       0.1070745      4.2895600E-02
   58.2500000000000       0.1374361      7.1172900E-02
   58.5000000000000       0.1203089      3.7050001E-02
   58.7500000000000       0.1192431      2.8301606E-02
   59.0000000000000       7.0149586E-02  1.5069600E-03
   59.2500000000000       4.5157135E-02  1.6587350E-03
   59.5000000000000       2.8952945E-02  9.6873892E-03
   59.7500000000000       3.3861328E-02  2.5894098E-02
   60.0000000000000       3.7495933E-02  2.4188612E-02
   60.2500000000000       3.1769488E-02  2.8043145E-02
   60.5000000000000       2.1063518E-02  1.0473882E-02
   60.7500000000000       4.4189598E-03  1.5846878E-02
   61.0000000000000       5.3081601E-03  6.1146775E-03
   61.2500000000000      -9.4015995E-04  1.7232845E-02
   61.5000000000000       8.3453761E-04  1.2592712E-02
   61.7500000000000       8.9281397E-03  6.5605175E-03
   62.0000000000000       2.4308506E-02  4.8555001E-03
   62.2500000000000       1.1224055E-02  7.0712096E-03
   62.5000000000000       1.0351109E-02  1.4473784E-03
   62.7500000000000       7.4913697E-03  2.7726140E-04
   63.0000000000000       2.5831494E-03 -6.8649985E-03
   63.2500000000000       8.4744506E-03 -2.6896896E-03
   63.5000000000000       2.7726140E-04 -1.1591424E-03
   63.7500000000000       1.2439205E-03  6.1565399E-05
   64.0000000000000       1.1872406E-03  2.3401976E-03
   64.2500000000000       5.3314556E-04  6.3607544E-03
   64.5000000000000      -2.3744213E-03  9.8664695E-03
   64.7500000000000      -9.6873892E-03  1.2459301E-02
   65.0000000000000      -2.2123501E-02  6.7628599E-03
   65.2500000000000      -2.3983013E-02  1.1160653E-02
   65.5000000000000      -1.8858725E-02  6.1565399E-05
   65.7500000000000      -1.8061098E-02  1.2458159E-04
   66.0000000000000      -3.9104115E-02 -4.6789497E-03
   66.2500000000000      -3.1615060E-02 -7.8132600E-03
   66.5000000000000      -3.0088563E-02 -1.9508434E-02
   66.7500000000000      -3.5972551E-02 -3.2444026E-02
   67.0000000000000      -3.1718116E-02 -5.4625791E-02
   67.2500000000000      -2.9388608E-02 -4.5869593E-02
   67.5000000000000      -2.9190073E-02 -4.7110520E-02
   67.7500000000000      -2.1348329E-02 -4.8114870E-02
   68.0000000000000      -1.5104375E-02 -2.5354760E-02
   68.2500000000000      -1.0721360E-02 -1.9345040E-02
   68.5000000000000      -9.8664695E-03 -9.6280184E-03
   68.7500000000000      -6.1146775E-03 -1.3752742E-02
   69.0000000000000      -4.2488575E-03 -4.8555001E-03
   69.2500000000000      -3.4760933E-03  1.2439205E-03
   69.5000000000000      -4.1647735E-03  4.9000406E-03
   69.7500000000000      -6.4104535E-03  6.2126247E-03
   70.0000000000000      -4.2911414E-03  9.6873892E-03
   70.2500000000000      -2.3401976E-03  3.3296984E-02
   70.5000000000000       5.8176561E-04  3.4573432E-02
   70.7500000000000       3.9163902E-03  2.9744333E-02
   71.0000000000000       6.6613662E-03  2.1625938E-02
   71.2500000000000       1.4611928E-02  1.6280576E-03
   71.5000000000000       3.2044545E-02 -3.3208213E-03
   71.7500000000000       5.1239263E-02 -1.8145400E-03
   72.0000000000000       3.6312707E-02 -7.5701339E-04
   72.2500000000000       3.3861328E-02  1.0908661E-02
   72.5000000000000       2.2310622E-02  6.0659456E-03
   72.7500000000000       3.7944537E-02  1.8467054E-02
   73.0000000000000       4.8998628E-02  2.4069015E-02
   73.2500000000000       6.9742329E-02  1.7031293E-02
   73.5000000000000       1.8887943E-02  2.6896896E-03
   73.7500000000000       8.7000057E-03 -7.5701339E-04
   74.0000000000000       3.6339446E-03 -2.9071223E-03
   74.2500000000000       2.1625938E-02  9.3335817E-03
   74.5000000000000       2.1063518E-02  1.0473882E-02
   74.7500000000000       1.6138980E-02  1.1672375E-02
   75.0000000000000       6.3607544E-03  3.9115440E-04
   75.2500000000000       8.8708643E-03  3.3208213E-03
   75.5000000000000       5.2621686E-03 -1.2439205E-03
   75.7500000000000       3.9573847E-03 -3.6805338E-04
   76.0000000000000      -8.6070137E-04 -2.5831494E-03
   76.2500000000000      -4.1647735E-03  8.6070137E-04
   76.5000000000000      -5.0798152E-03 -9.6696860E-04
   76.7500000000000      -1.4178294E-03 -2.7615223E-03
   77.0000000000000      -1.2392838E-02 -3.9573847E-03
   77.2500000000000      -1.3338000E-02  8.9281397E-03
   77.5000000000000      -9.3921460E-03  5.0346297E-03
   77.7500000000000      -1.1866930E-02  3.2824064E-03
   78.0000000000000      -1.5069600E-03  3.1303584E-03
   78.2500000000000       3.3208213E-03  7.0712096E-03
   78.5000000000000       9.2751775E-03  9.4508724E-03
   78.7500000000000       1.1097413E-02  5.5405349E-03
   79.0000000000000       1.9528165E-02  2.0068255E-03
   79.2500000000000       1.7741911E-02  8.1961332E-03
   79.5000000000000       1.1672375E-02  1.9635908E-02
   79.7500000000000       5.1251617E-03  2.1739310E-02
   80.0000000000000       1.2154999E-03  3.8546819E-02
   80.2500000000000      -8.0853497E-04  3.3719797E-02
   80.5000000000000       1.6587350E-03  1.3132805E-02
   80.7500000000000      -3.5153143E-03  2.5831494E-03
   81.0000000000000      -4.1647735E-03  8.6070137E-04
   81.2500000000000      -1.3301496E-03  1.1591424E-03
   81.5000000000000      -3.3208213E-03 -2.2049143E-03
   81.7500000000000      -1.2154999E-03 -1.0758149E-03
   82.0000000000000       1.8904860E-04  1.0483615E-03
   82.2500000000000       2.0068255E-03 -1.2725024E-03
   82.5000000000000       6.1635706E-03  3.2060600E-03
   82.7500000000000      -7.3149439E-04  4.0882398E-05
   83.0000000000000      -1.8145400E-03 -1.6739839E-04
   83.2500000000000       1.2458159E-04  2.6540149E-03
   83.5000000000000      -1.8779903E-03  1.1351340E-02
   83.7500000000000      -3.0553015E-03  2.3401976E-03
   84.0000000000000       1.8904860E-04  7.2275605E-03
   84.2500000000000       7.2275605E-03  1.3516434E-02
   84.5000000000000       8.5869059E-03  2.3949713E-02
   84.7500000000000       1.8782275E-02  3.5437733E-02
   85.0000000000000       1.5365969E-02  3.1222925E-02
   85.2500000000000       1.2794038E-02  6.2229775E-02
   85.5000000000000       9.6873892E-03  0.1023411    
   85.7500000000000       3.2044545E-02  0.1176532    
   86.0000000000000       5.8076024E-02  0.1440794    
   86.2500000000000       0.1273526      0.1016036    
   86.5000000000000       0.1479038      5.3174309E-02
   86.7500000000000       0.1290065      6.3387513E-02
   87.0000000000000       6.4947762E-02  8.0279350E-02
   87.2500000000000       7.3868215E-02  0.1048190    
   87.5000000000000       4.2736288E-02  9.8921873E-02
   87.7500000000000       5.9569880E-02  6.9945805E-02
   88.0000000000000       3.9306346E-02  4.5157135E-02
   88.2500000000000       1.4150284E-02  4.4667628E-02
   88.5000000000000       1.6731188E-02  4.0847626E-02
   88.7500000000000       1.6930962E-02  4.5813955E-02
   89.0000000000000       1.2459301E-02  2.3475474E-02
   89.2500000000000       9.8066153E-03  2.8431281E-02
   89.5000000000000       7.9763811E-03  3.4287702E-02
   89.7500000000000       4.0813345E-03  1.8782275E-02
   90.0000000000000       1.4473784E-03  1.2326535E-02
   90.2500000000000      -3.5546965E-03  1.2592712E-02
   90.5000000000000      -1.6287729E-02  8.9281397E-03
   90.7500000000000      -5.1189817E-02  3.0927493E-03
   91.0000000000000      -7.1283162E-02  8.0310777E-03
   91.2500000000000      -5.0800372E-02  1.9960910E-02
   91.5000000000000      -2.3266247E-02  2.2889342E-02
   91.7500000000000      -2.3266247E-02  9.3921460E-03
   92.0000000000000       1.1872406E-03  9.5688086E-03
   92.2500000000000       2.4433525E-03  5.7293368E-03
   92.5000000000000       5.8726305E-03  1.5750103E-02
   92.7500000000000       7.3149439E-04  1.1160653E-02
   93.0000000000000       4.6789497E-03  2.6392050E-02
   93.2500000000000       1.0351109E-02  1.5846878E-02
   93.5000000000000       2.1625938E-02 -1.9420856E-03
   93.7500000000000       2.7657676E-02 -1.3201042E-02
   94.0000000000000       2.4669966E-02 -2.4436234E-02
   94.2500000000000       1.6433749E-02 -1.4385735E-02
   94.5000000000000       3.7138374E-03 -1.1160653E-02
   94.7500000000000      -2.0722104E-03 -1.0047001E-02
   95.0000000000000      -7.2275605E-03 -1.0721360E-02
   95.2500000000000      -8.8708643E-03 -1.8779903E-03
   95.5000000000000      -8.4744506E-03 -8.0859354E-03
   95.7500000000000      -1.2194414E-02 -2.9289261E-02
   96.0000000000000      -9.4508724E-03 -1.9754736E-02
   96.2500000000000      -7.4382853E-03 -7.8132600E-03
   96.5000000000000       3.4370336E-03 -9.3921460E-03
   96.7500000000000       2.0394374E-03 -1.0047001E-02
   97.0000000000000       3.9985399E-03 -8.0310777E-03
   97.2500000000000       5.4471013E-03 -6.4603137E-03
   97.5000000000000       1.0597298E-02 -2.6289409E-02
   97.7500000000000       5.6818943E-03 -4.4523191E-02
   98.0000000000000       7.1231653E-03 -4.3556239E-02
   98.2500000000000       7.9763811E-03 -3.2652877E-02
   98.5000000000000       2.5479584E-03 -3.8422424E-02
   98.7500000000000      -1.5671863E-03 -4.3196294E-02
   99.0000000000000      -1.4314758E-02 -3.3283304E-02
   99.2500000000000      -1.8697910E-02 -3.4992814E-02
   99.5000000000000      -2.2036726E-02 -2.3713017E-02
   99.7500000000000      -1.8219333E-02 -2.5447501E-02
   100.000000000000      -1.1097413E-02 -1.4743040E-02
   100.250000000000      -4.2488575E-03 -3.1681287E-03
   100.500000000000      -4.7669024E-03  2.5496641E-04
   100.750000000000      -7.0712096E-03 -5.1251617E-03
   101.000000000000      -1.0908661E-02 -2.8704805E-03
   101.250000000000      -6.2618400E-03  1.3592150E-03
   101.500000000000      -1.7517344E-03  5.0907739E-04
   101.750000000000      -1.6280576E-03 -1.7830565E-03
   102.000000000000      -6.1565399E-05  1.2439205E-03
   102.250000000000       2.9071223E-03  3.6339446E-03
   102.500000000000       5.9689656E-03  1.1312054E-03
   102.750000000000       1.0168160E-02 -1.1312054E-03
   103.000000000000       7.8269356E-04 -3.8348855E-03
   103.250000000000      -2.2384934E-03  9.4015995E-04
   103.500000000000      -7.8674722E-03  5.8247047E-03
   103.750000000000      -1.7125223E-02 -2.0360600E-05
   104.000000000000      -1.8939376E-02  2.3401976E-03
   104.250000000000      -1.3962288E-02  1.8779903E-03
   104.500000000000      -2.1691239E-02  1.3884415E-03
   104.750000000000      -3.2862376E-02 -7.4382853E-03
   105.000000000000      -3.3706814E-02 -5.9689656E-03
   105.250000000000      -2.5077509E-02 -4.9000406E-03
   105.500000000000      -2.8696554E-02 -2.4088065E-03
   105.750000000000      -4.1888900E-02 -1.5323110E-02
   106.000000000000      -4.2480752E-02 -4.9896054E-03
   106.250000000000      -2.9687623E-02 -1.2154999E-03
   106.500000000000      -1.6287729E-02  1.9420856E-03
   106.750000000000      -2.1863660E-02 -3.6805338E-04
   107.000000000000      -2.6667781E-02 -2.1086000E-04
   107.250000000000      -2.6007323E-02  5.1706694E-03
   107.500000000000      -3.0189201E-02  2.2722336E-03
   107.750000000000      -5.4625791E-02 -1.6587350E-03
   108.000000000000      -7.3130138E-02 -2.4433525E-03
   108.250000000000      -8.0100983E-02 -2.1382400E-03
   108.500000000000      -8.4533066E-02 -2.7615223E-03
   108.750000000000      -8.3538003E-02 -3.4760933E-03
   109.000000000000      -8.1238762E-02 -2.5831494E-03
   109.250000000000      -0.1012433     -2.1086000E-04
   109.500000000000      -6.1967362E-02  1.3592150E-03
   109.750000000000      -2.6667781E-02  2.9808895E-03
   110.000000000000      -8.8137500E-03  2.0360600E-05
   110.250000000000      -2.3266247E-02 -1.9099574E-03
   110.500000000000      -2.4254462E-02  1.4590939E-04
   110.750000000000      -4.2243529E-02 -5.4471013E-03
   111.000000000000      -2.9988086E-02 -9.4015995E-04
   111.250000000000      -7.0194150E-03  7.0613658E-04
   111.500000000000       2.9971759E-04  5.3314556E-04
   111.750000000000       2.4433525E-03 -1.0473882E-02
   112.000000000000      -2.5129286E-03 -9.6280184E-03
   112.250000000000      -8.7567978E-03 -7.0194150E-03
   112.500000000000      -6.0173748E-03 -1.1672375E-02
   112.750000000000      -2.1177843E-02 -2.7336139E-02
   113.000000000000      -1.5690893E-02 -1.9263584E-02
   113.250000000000      -1.4599634E-02 -1.2128594E-02
   113.500000000000      -1.7357014E-02 -8.3069764E-03
   113.750000000000      -2.9388608E-02 -1.8537739E-02
   114.000000000000      -3.5101030E-02 -1.2062937E-02
   114.250000000000      -3.3177830E-02 -1.3822430E-02
   114.500000000000      -4.4644784E-02 -2.0670250E-02
   114.750000000000      -6.1824650E-02 -2.5633462E-02
   115.000000000000      -6.3837275E-02 -1.7903507E-02
   115.250000000000      -7.7211551E-02 -1.3544645E-02
   115.500000000000      -7.8971110E-02 -1.5988022E-02
   115.750000000000      -0.1060246     -1.5988022E-02
   116.000000000000      -9.9433318E-02 -1.1737065E-02
   116.250000000000      -8.5366711E-02 -9.1588534E-03
   116.500000000000      -6.8106800E-02 -8.0859354E-03
   116.750000000000      -6.6028729E-02 -1.3613850E-02
   117.000000000000      -5.8725782E-02 -1.6363058E-02
   117.250000000000      -4.4766542E-02 -5.2621686E-03
   117.500000000000      -3.1718116E-02 -5.7293368E-03
   117.750000000000      -4.3076634E-02 -6.0173748E-03
   118.000000000000      -3.5317943E-02 -5.1706694E-03
   118.250000000000      -2.8893478E-02 -2.1051446E-03
   118.500000000000      -1.4814985E-02  8.8702637E-04
   118.750000000000      -1.9508434E-02 -7.0712096E-03
   119.000000000000      -6.2618400E-03 -2.8339999E-03
   119.250000000000      -7.0712096E-03 -2.0360600E-05
   119.500000000000      -5.9207175E-03  1.7205734E-03
   119.750000000000      -1.3269440E-02 -3.6339446E-03
   120.000000000000      -1.9345040E-02 -5.4937378E-03
   120.250000000000      -1.7590258E-02  1.4770885E-03
   120.500000000000      -1.3132805E-02  1.6587350E-03
   120.750000000000      -2.4073334E-02 -3.4370336E-03
   121.000000000000      -2.1348329E-02 -8.3453761E-04
   121.250000000000      -2.8598333E-02  5.8176561E-04
   121.500000000000      -2.4073334E-02 -1.9743750E-03
   121.750000000000      -4.7611404E-02 -1.1224055E-02
   122.000000000000      -4.0717289E-02 -7.8674722E-03
   122.250000000000      -3.4561567E-02 -4.6352148E-03
   122.500000000000      -2.9887769E-02 -2.1714966E-03
   122.750000000000      -5.2104168E-02 -8.0859354E-03
   123.000000000000      -4.8241138E-02 -1.0047001E-02
   123.250000000000      -4.3316115E-02 -5.5874935E-03
   123.500000000000      -3.8649011E-02 -3.7540256E-03
   123.750000000000      -6.6471368E-02 -1.0289965E-02
   124.000000000000      -4.8114870E-02 -6.0659456E-03
   124.250000000000      -4.5255173E-02 -3.1303584E-03
   124.500000000000      -4.4766542E-02 -1.0758149E-03
   124.750000000000      -7.0520438E-02 -8.9281397E-03
   125.000000000000      -6.4855441E-02 -1.6280576E-03
   125.250000000000      -6.2539816E-02 -3.6738103E-03
   125.500000000000      -4.6364028E-02 -1.1097413E-02
   125.750000000000      -4.9897306E-02 -1.4385735E-02
   126.000000000000      -3.5426639E-02 -8.9281397E-03
   126.250000000000      -2.7721606E-02 -2.0670250E-02
   126.500000000000      -3.8348855E-03 -2.2472214E-02
   126.750000000000      -2.7255253E-03 -2.1777369E-02
   127.000000000000      -1.0210694E-03 -1.3475602E-02
   127.250000000000       3.6738103E-03 -1.8461846E-03
   127.500000000000       1.3967702E-02  2.5479584E-03
   127.750000000000       2.9611694E-02  3.1681287E-03
   128.000000000000       2.3357654E-02  8.3626397E-03
   128.250000000000       1.0846066E-02  2.5156062E-02
   128.500000000000       6.0173748E-03  2.7402181E-02
   128.750000000000       1.3201042E-02  1.4986577E-02
   129.000000000000       1.0758149E-03  8.3069764E-03
   129.250000000000      -2.9971759E-04  9.8066153E-03
   129.500000000000       1.6587350E-03  1.3132805E-02
   129.750000000000       1.9420856E-03 -2.2722336E-03
   130.000000000000       1.8461846E-03  2.1714966E-03
   130.250000000000       6.8093999E-04  2.1714966E-03
   130.500000000000       2.7615223E-03  7.9763811E-03
   130.750000000000       1.4770885E-03  2.4088065E-03
   131.000000000000       7.7053183E-03  6.7628599E-03
   131.250000000000       4.6789497E-03  3.2824064E-03
   131.500000000000       1.1672375E-02  7.7053183E-03
   131.750000000000       1.1415225E-02  7.0613658E-04
   132.000000000000       1.6138980E-02 -8.3453761E-04
   132.250000000000       1.0107500E-02  4.8555001E-03
   132.500000000000       1.9852279E-02  6.3112164E-03
   132.750000000000       3.4573432E-02 -5.8176561E-04
   133.000000000000       2.9215556E-02  1.0341500E-04
   133.250000000000       2.3830708E-02  3.9163902E-03
   133.500000000000       1.9100165E-02  5.7293368E-03
   133.750000000000       3.6312707E-02  5.4937378E-03
   134.000000000000       2.6392050E-02  1.1932105E-02
   134.250000000000       3.4430418E-02  1.5750103E-02
   134.500000000000       2.5156062E-02  2.7529782E-02
   134.750000000000       4.3375324E-02  1.3338001E-02
   135.000000000000       2.0840626E-02  1.7031293E-02
   135.250000000000       1.4150284E-02  1.8362572E-02
   135.500000000000       1.0473882E-02  1.8993905E-02
   135.750000000000       1.0971418E-02  5.9689656E-03
   136.000000000000      -1.6739839E-04  1.8145400E-03
   136.250000000000      -1.1312054E-03  5.9689656E-03
   136.500000000000      -4.5916415E-03  6.7120325E-03
   136.750000000000      -1.2996815E-02  7.8674722E-03
   137.000000000000      -1.0168160E-02  7.3853624E-03
   137.250000000000      -1.2525926E-02  2.1175409E-02
   137.500000000000      -4.8555001E-03  1.2726769E-02
   137.750000000000      -1.4599634E-02  6.4603137E-03
   138.000000000000      -5.4006265E-03  4.5482293E-03
   138.250000000000      -2.7255253E-03  3.9573847E-03
   138.500000000000       8.4184641E-03 -2.7726140E-04
   138.750000000000       9.2169354E-03 -2.9439253E-03
   139.000000000000       2.8704805E-03 -1.6895735E-03
   139.250000000000       1.9743750E-03  6.8093999E-04
   139.500000000000       8.2409599E-05  6.1146775E-03
   139.750000000000      -2.3401976E-03  1.1872406E-03
   140.000000000000      -6.4603137E-03  3.0553015E-03
   140.250000000000      -6.9677816E-03  1.3338001E-02
   140.500000000000      -1.0047001E-02  9.1588534E-03
   140.750000000000      -1.6818423E-02  1.5671863E-03
   141.000000000000      -6.4603137E-03  4.7228453E-03
   141.250000000000      -4.5916415E-03  6.7120325E-03
   141.500000000000      -5.4937378E-03  3.2441525E-03
   141.750000000000      -2.2036726E-02 -1.1591424E-03
   142.000000000000      -1.3064730E-02 -3.6805338E-04
   142.250000000000      -2.0251689E-02  6.8093999E-04
   142.500000000000      -1.4528173E-02 -1.3301496E-03
   142.750000000000      -3.8196485E-02 -6.0173748E-03
   143.000000000000      -1.6438549E-02 -1.8461846E-03
   143.250000000000      -2.3088666E-02 -5.0798152E-03
   143.500000000000      -1.2996815E-02 -5.8726305E-03
   143.750000000000      -1.2996815E-02 -5.8726305E-03
   144.000000000000      -1.5369926E-03 -3.5942399E-03
   144.250000000000       1.6587350E-03 -2.3401976E-03
   144.500000000000       2.3061349E-03 -3.6738103E-03
   144.750000000000      -5.3314556E-04 -4.4618887E-03
   145.000000000000      -5.8176561E-04 -3.6805338E-04
   145.250000000000      -6.6613662E-03  2.2722336E-03
   145.500000000000      -4.2067352E-03 -8.3453761E-04
   145.750000000000      -2.2472214E-02 -4.5482293E-03
   146.000000000000      -1.2592712E-02 -1.1607845E-02
   146.250000000000      -2.4985416E-02 -9.1009336E-03
   146.500000000000      -2.5726685E-02 -5.4471013E-03
   146.750000000000      -4.3436095E-02 -9.3921460E-03
   147.000000000000      -3.8990095E-02 -6.6108615E-03
   147.250000000000      -4.0253159E-02 -4.7669024E-03
   147.500000000000      -3.0492082E-02 -1.2659660E-02
   147.750000000000      -1.6514201E-02 -2.5913615E-02
   148.000000000000      -2.2049143E-03 -1.4173286E-02
   148.250000000000      -7.6515893E-03 -3.4760933E-03
   148.500000000000      -1.4314758E-02 -1.6280576E-03
   148.750000000000      -3.4026138E-02 -3.7138374E-03
   149.000000000000      -3.7187736E-02 -3.6805338E-04
   149.250000000000      -3.8196485E-02  2.6540149E-03
   149.500000000000      -3.4346912E-02  9.9393842E-04
   149.750000000000      -2.0670250E-02  1.6739839E-04
   150.000000000000      -3.3208213E-03  1.9099574E-03
   150.250000000000      -1.5369926E-03  4.8111207E-03
   150.500000000000       2.7726140E-04 -1.1591424E-03
   150.750000000000      -5.8247047E-03 -1.3884415E-03
   151.000000000000      -7.8674722E-03  3.4511360E-04
   151.250000000000      -2.0923320E-02  1.4770885E-03
   151.500000000000      -1.9020185E-02 -6.3103036E-04
   151.750000000000      -3.9218295E-02 -2.9808895E-03
   152.000000000000      -3.8083758E-02 -2.9071223E-03
   152.250000000000      -4.3556239E-02 -9.9393842E-04
   152.500000000000      -4.6240177E-02 -8.6070137E-04
   152.750000000000      -5.0154518E-02 -2.0394374E-03
   153.000000000000      -3.2444026E-02 -5.8176561E-04
   153.250000000000      -3.4239825E-02  3.3981351E-03
   153.500000000000      -2.1177843E-02  3.2060600E-03
   153.750000000000      -2.6383759E-02  2.6185017E-03
   154.000000000000      -1.3962288E-02  1.8779903E-03
   154.250000000000      -1.2592712E-02  8.3453761E-04
   154.500000000000      -8.5305972E-03 -3.9115440E-04
   154.750000000000      -1.8457897E-02 -9.7469212E-03
   155.000000000000      -2.3355277E-02 -1.3406721E-02
   155.250000000000      -1.8298693E-02 -1.0351109E-02
   155.500000000000      -1.1672375E-02 -1.0107500E-02
   155.750000000000      -2.6953254E-02 -1.1351340E-02
   156.000000000000      -4.0717289E-02 -5.7769399E-03
   156.250000000000      -5.4357614E-02 -1.9743750E-03
   156.500000000000      -6.6323660E-02 -1.7205734E-03
   156.750000000000      -8.9253411E-02 -4.7228453E-03
   157.000000000000      -4.4038426E-02  1.8904860E-04
   157.250000000000      -3.4454159E-02 -7.0613658E-04
   157.500000000000      -1.0168160E-02 -1.7205734E-03
   157.750000000000      -2.6195219E-02 -6.5103350E-03
   158.000000000000      -3.6412179E-02 -5.3081601E-03
   158.250000000000      -8.0912873E-02 -8.1409533E-03
   158.500000000000      -8.5366711E-02 -6.8649985E-03
   158.750000000000      -0.1240191     -2.2210438E-02
   159.000000000000      -0.1218181     -1.6137553E-02
   159.250000000000      -9.9794023E-02 -4.9896054E-03
   159.500000000000      -7.2357744E-02 -3.1681287E-03
   159.750000000000      -4.1067082E-02 -1.0341500E-04
   160.000000000000      -2.8500274E-02 -1.4178294E-03
   160.250000000000      -4.3436095E-02 -3.7540256E-03
   160.500000000000      -5.6521066E-02 -4.0398566E-03
   160.750000000000      -6.8256445E-02 -1.2525926E-02
   161.000000000000      -8.4034808E-02 -8.4184641E-03
   161.250000000000      -5.5976335E-02 -6.3607544E-03
   161.500000000000      -4.4038426E-02 -1.0721360E-02
   161.750000000000      -4.2718623E-02 -1.6212560E-02
   162.000000000000      -4.1653290E-02 -2.1863660E-02
   162.250000000000      -3.9218295E-02 -1.0721360E-02
   162.500000000000      -3.6412179E-02 -1.1607845E-02
   162.750000000000      -3.3600695E-02 -1.8537739E-02
   163.000000000000      -2.0923320E-02 -1.8219333E-02
   163.250000000000      -1.5323110E-02 -1.2260393E-02
   163.500000000000      -1.1287617E-02 -1.4032460E-02
   163.750000000000      -2.0502342E-02 -3.0189201E-02
   164.000000000000      -1.3201042E-02 -2.3802854E-02
   164.250000000000      -1.5690893E-02 -1.1034335E-02
   164.500000000000      -1.8617745E-02 -1.4528173E-02
   164.750000000000      -3.1102199E-02 -1.6438549E-02
   165.000000000000      -3.2339841E-02 -1.9101158E-02
   165.250000000000      -3.4776870E-02 -6.1146775E-03
   165.500000000000      -2.6195219E-02 -6.5103350E-03
   165.750000000000      -2.3983013E-02 -5.2163382E-03
   166.000000000000      -2.1092841E-02 -3.9163902E-03
   166.250000000000      -1.5104375E-02 -5.5737497E-04
   166.500000000000      -6.8649985E-03  4.6142458E-04
   166.750000000000      -9.6873892E-03 -2.6896896E-03
   167.000000000000      -4.9896054E-03 -3.7540256E-03
   167.250000000000      -7.5446148E-03 -1.0758149E-03
   167.500000000000      -4.9000406E-03 -2.5479584E-03
   167.750000000000      -1.6062707E-02 -9.8664695E-03
   168.000000000000      -2.3000117E-02 -9.3921460E-03
   168.250000000000      -1.7512349E-02 -2.6896896E-03
   168.500000000000      -1.3544645E-02 -6.5590459E-04
   168.750000000000      -2.3533825E-02 -6.1146775E-03
   169.000000000000      -2.9988086E-02 -9.4015995E-04
   169.250000000000      -3.0390961E-02 -1.5671863E-03
   169.500000000000      -2.0002486E-02 -4.6142458E-04
   169.750000000000      -2.6572946E-02 -2.5831494E-03
   170.000000000000      -1.9590374E-02 -5.0346297E-03
   170.250000000000      -1.9919742E-02 -1.5671863E-03
   170.500000000000      -1.1097413E-02 -1.2439205E-03
   170.750000000000      -2.2735439E-02 -4.1229734E-03
   171.000000000000      -1.6062707E-02 -2.5129286E-03
   171.250000000000      -9.1009336E-03 -4.6142458E-04
   171.500000000000       1.0341500E-04 -4.1441660E-04
   171.750000000000      -2.2049143E-03 -2.0360600E-05
   172.000000000000       1.3012454E-03 -1.2458159E-04
   172.250000000000       4.8111207E-03  8.1409533E-03
   172.500000000000       9.4508724E-03  2.1966945E-02
   172.750000000000       2.6018141E-02  1.5069600E-03
   173.000000000000       8.3626397E-03  1.7830565E-03
   173.250000000000       4.9896054E-03  3.7540256E-03
   173.500000000000       6.6108615E-03  5.0346297E-03
   173.750000000000       2.4433525E-03 -2.8339999E-03
   174.000000000000       8.3069764E-03 -7.2800000E-03
   174.250000000000       2.3061349E-03 -5.4937378E-03
   174.500000000000       4.6789497E-03 -5.2163382E-03
   174.750000000000       4.0882398E-05 -1.1932105E-02
   175.000000000000       5.5737497E-04 -5.7293368E-03
   175.250000000000      -3.9115440E-04 -2.4088065E-03
   175.500000000000       3.0180151E-03 -5.2163382E-03
   175.750000000000      -3.6805338E-04 -1.2260393E-02
   176.000000000000      -1.9420856E-03 -6.5605175E-03
   176.250000000000      -6.4603137E-03 -5.4471013E-03
   176.500000000000      -2.1714966E-03 -9.4508724E-03
   176.750000000000      -8.4184641E-03 -2.1950113E-02
   177.000000000000      -1.0971418E-02 -1.5396344E-02
   177.250000000000      -1.8858725E-02 -2.2823505E-02
   177.500000000000      -8.4744506E-03 -1.5396344E-02
   177.750000000000      -1.8298693E-02 -2.1777369E-02
   178.000000000000      -1.5104375E-02 -1.2929061E-02
   178.250000000000      -2.1263005E-02 -1.1607845E-02
   178.500000000000      -2.6101189E-02 -8.7000057E-03
   178.750000000000      -3.5753701E-02 -1.5764933E-02
   179.000000000000      -2.8109651E-02 -1.0908661E-02
   179.250000000000      -3.2235816E-02 -1.3683215E-02
   179.500000000000      -1.9508434E-02 -9.3335817E-03
   179.750000000000      -3.6082216E-02 -1.5104375E-02
   180.000000000000      -3.6632959E-02 -1.3683215E-02
   180.250000000000      -4.2599607E-02 -8.7000057E-03
   180.500000000000      -3.6412179E-02 -5.3081601E-03
   180.750000000000      -4.7611404E-02 -1.1224055E-02
   181.000000000000      -4.6985704E-02 -4.0813345E-03
   181.250000000000      -4.6985704E-02 -4.0813345E-03
   181.500000000000      -3.7634458E-02 -2.1382400E-03
   181.750000000000      -4.9512696E-02 -7.8132600E-03
   182.000000000000      -4.7235500E-02 -5.4937378E-03
   182.250000000000      -3.8990095E-02 -1.9099574E-03
   182.500000000000      -3.4884762E-02 -2.6185017E-03
   182.750000000000      -2.7818374E-02 -1.4314758E-02
   183.000000000000      -3.6632959E-02 -4.8555001E-03
   183.250000000000      -2.8402377E-02 -2.7615223E-03
   183.500000000000      -2.3000117E-02 -2.2049143E-03
   183.750000000000      -3.5317943E-02 -5.1706694E-03
   184.000000000000      -5.5976335E-02 -1.7517344E-03
   184.250000000000      -3.7299175E-02  6.2618400E-03
   184.500000000000      -3.5644520E-02  5.4471013E-03
   184.750000000000      -3.1512167E-02  3.9115440E-04
   185.000000000000      -3.1615060E-02 -2.6896896E-03
   185.250000000000      -1.2929061E-02  2.9971759E-04
   185.500000000000      -1.6895735E-03 -2.8704805E-03
   185.750000000000      -2.7615223E-03 -1.0351109E-02
   186.000000000000      -2.2384934E-03 -8.8708643E-03
   186.250000000000       4.8517040E-04 -8.2409599E-05
   186.500000000000      -1.6739839E-04 -2.3061349E-03
   186.750000000000      -6.5590459E-04 -3.6738103E-03
   187.000000000000      -1.6818423E-02 -2.5831494E-03
   187.250000000000      -1.0783632E-02  2.3061349E-03
   187.500000000000      -1.0047001E-02  2.0722104E-03
   187.750000000000      -1.0412415E-02 -3.9985399E-03
   188.000000000000      -2.9091047E-02  8.2409599E-05
   188.250000000000      -1.7746560E-02  6.4104535E-03
   188.500000000000      -1.9754736E-02  3.7943749E-03
   188.750000000000      -1.9020185E-02  2.7726140E-04
   189.000000000000      -3.9163902E-03  2.4780601E-03
   189.250000000000       1.0473882E-02  2.4433525E-03
   189.500000000000       1.1997440E-02 -9.2169354E-03
   189.750000000000       1.6739839E-04 -1.6137553E-02
   190.000000000000      -1.1672375E-02 -1.0107500E-02
   190.250000000000      -1.7903507E-02 -1.1543477E-02
   190.500000000000      -2.3713017E-02 -1.4959358E-02
   190.750000000000      -3.2967366E-02 -3.9561797E-02
   191.000000000000      -5.1189817E-02 -4.4523191E-02
   191.250000000000      -5.7342999E-02 -2.9787615E-02
   191.500000000000      -4.0950324E-02 -3.1512167E-02
   191.750000000000      -4.0717289E-02 -4.0601015E-02
   192.000000000000      -4.0717289E-02 -4.5500457E-02
   192.250000000000      -4.2599607E-02 -1.9426657E-02
   192.500000000000      -2.3802854E-02 -2.0586215E-02
   192.750000000000      -1.7668329E-02 -2.4345266E-02
   193.000000000000      -6.8138484E-03 -1.5543297E-02
   193.250000000000      -2.0394374E-03 -6.0659456E-03
   193.500000000000      -3.1681287E-03 -1.2525926E-02
   193.750000000000      -1.1097413E-02 -1.7824953E-02
   194.000000000000      -1.5839135E-02 -4.4618887E-03
   194.250000000000      -2.0502342E-02  2.1714966E-03
   194.500000000000      -1.8858725E-02  1.0758149E-03
   194.750000000000      -4.4644784E-02 -2.3401976E-03
   195.000000000000      -4.9129535E-02 -3.0553015E-03
   195.250000000000      -4.6240177E-02 -8.6070137E-04
   195.500000000000      -3.7858784E-02 -3.2441525E-03
   195.750000000000      -3.8309377E-02 -2.1263005E-02
   196.000000000000      -3.9561797E-02 -2.8109651E-02
   196.250000000000      -2.0670250E-02 -1.8939376E-02
   196.500000000000      -2.6289409E-02 -2.2123501E-02
   196.750000000000      -1.6287729E-02 -4.3436095E-02
   197.000000000000      -2.2297535E-02 -2.2911731E-02
   197.250000000000      -4.5482293E-03 -1.4599634E-02
   197.500000000000       1.6739839E-04 -6.4603137E-03
   197.750000000000       2.1382400E-03 -1.3269440E-02
   198.000000000000       3.1303584E-03 -1.3301496E-03
   198.250000000000       4.7228453E-03  1.8145400E-03
   198.500000000000       7.5701339E-04  8.7000057E-03
   198.750000000000      -1.4770885E-03  5.8176561E-04
   199.000000000000      -7.1752826E-03  2.2049143E-03
   199.250000000000      -2.3713017E-02  2.9071223E-03
   199.500000000000      -3.4132902E-02  1.9099574E-03
   199.750000000000      -6.1113510E-02 -5.3543127E-03
   200.000000000000      -6.8256445E-02 -4.0813345E-03
   200.250000000000      -6.5587536E-02 -7.2800000E-03
   200.500000000000      -5.8309253E-02 -7.1231653E-03
   200.750000000000      -4.3797012E-02 -3.4346912E-02
   201.000000000000      -3.3177830E-02 -2.6572946E-02
   201.250000000000      -1.3064730E-02 -1.2392838E-02
   201.500000000000      -1.2392838E-02 -1.2260393E-02
   201.750000000000      -9.7469212E-03 -2.8304640E-02
   202.000000000000      -2.0670250E-02 -1.8939376E-02
   202.250000000000      -2.5633462E-02 -1.7668329E-02
   202.500000000000      -1.9672474E-02 -1.9508434E-02
   202.750000000000      -1.9919742E-02 -3.3177830E-02
   203.000000000000      -2.7721606E-02 -2.0670250E-02
   203.250000000000      -1.9182291E-02 -1.2525926E-02
   203.500000000000      -1.8061098E-02 -1.0908661E-02
   203.750000000000      -1.6971501E-02 -3.1102199E-02
   204.000000000000      -1.7824953E-02 -2.7240176E-02
   204.250000000000      -1.5177126E-02 -1.0289965E-02
   204.500000000000      -1.7824953E-02 -1.4314758E-02
   204.750000000000      -2.6383759E-02 -2.8893478E-02
   205.000000000000      -3.4992814E-02 -2.8012397E-02
   205.250000000000      -2.9887769E-02 -9.2751775E-03
   205.500000000000      -2.0670250E-02 -1.8939376E-02
   205.750000000000      -3.2967366E-02 -2.7528550E-02
   206.000000000000      -4.2957135E-02 -1.5543297E-02
   206.250000000000      -3.5863046E-02 -5.3314556E-04
   206.500000000000      -3.0390961E-02 -1.5671863E-03
   206.750000000000      -4.2599607E-02 -1.1160653E-02
   207.000000000000      -5.7480551E-02 -4.5482293E-03
   207.250000000000      -4.4038426E-02  1.2154999E-03
   207.500000000000      -3.9447136E-02 -4.2488575E-03
   207.750000000000      -5.5840556E-02 -1.0971418E-02
   208.000000000000      -4.7611404E-02 -1.1224055E-02
   208.250000000000      -3.8422424E-02 -2.5479584E-03
   208.500000000000      -1.6514201E-02 -4.5916415E-03
   208.750000000000      -3.2339841E-02 -8.4744506E-03
   209.000000000000      -2.0418629E-02 -5.1706694E-03
   209.250000000000      -2.3444470E-02 -1.5975414E-03
   209.500000000000      -1.0597298E-02 -3.6339446E-03
   209.750000000000      -2.5169766E-02 -1.1034335E-02
   210.000000000000      -1.4243942E-02 -1.0721360E-02
   210.250000000000      -1.6062707E-02 -2.5129286E-03
   210.500000000000      -6.1146775E-03 -1.1034335E-02
   210.750000000000      -8.1961332E-03 -1.6818423E-02
   211.000000000000      -5.3543127E-03 -1.8061098E-02
   211.250000000000      -7.9763811E-03 -5.8247047E-03
   211.500000000000      -6.3112164E-03 -8.0310777E-03
   211.750000000000      -1.0659249E-02 -1.3892278E-02
   212.000000000000      -1.5690893E-02 -8.5869059E-03
   212.250000000000      -1.3269440E-02 -3.6339446E-03
   212.500000000000      -1.4528173E-02 -7.7592083E-03
   212.750000000000      -2.4527360E-02 -1.0228982E-02
   213.000000000000      -2.9388608E-02 -8.0310777E-03
   213.250000000000      -4.3316115E-02 -1.2725024E-03
   213.500000000000      -2.2036726E-02 -5.4006265E-03
   213.750000000000      -4.3917637E-02 -4.6789497E-03
   214.000000000000      -3.3919536E-02 -7.5446148E-03
   214.250000000000      -3.9561797E-02  1.5069600E-03
   214.500000000000      -2.4436234E-02 -5.3314556E-04
   214.750000000000      -5.1319953E-02 -3.6339446E-03
   215.000000000000      -4.8241138E-02 -4.2067352E-03
   215.250000000000      -4.7110520E-02  1.6280576E-03
   215.500000000000      -3.1924713E-02 -1.0758149E-03
   215.750000000000      -4.9897306E-02 -7.2800000E-03
   216.000000000000      -5.0541546E-02 -5.8176561E-04
   216.250000000000      -4.2362060E-02  1.9743750E-03
   216.500000000000      -2.6195219E-02 -6.8093999E-04
   216.750000000000      -4.3196294E-02 -7.6515893E-03
   217.000000000000      -6.0406402E-02 -6.2618400E-03
   217.250000000000      -5.5029262E-02 -1.3884415E-03
   217.500000000000      -4.2599607E-02 -1.1160653E-02
   217.750000000000      -5.1580712E-02 -2.6667781E-02
   218.000000000000      -4.7360640E-02 -3.5209406E-02
   218.250000000000      -4.0950324E-02 -3.1512167E-02
   218.500000000000      -2.3266247E-02 -2.9988086E-02
   218.750000000000      -6.5605175E-03 -2.6762778E-02
   219.000000000000      -9.6280184E-03 -1.2861470E-02
   219.250000000000       4.3784000E-04 -4.8555001E-03
   219.500000000000       1.1034296E-03  5.0907739E-04
   219.750000000000      -3.6805338E-04 -5.7769399E-03
   220.000000000000      -1.1543477E-02  1.2439205E-03
   220.250000000000      -6.4104535E-03  1.6587350E-03
   220.500000000000      -3.9573847E-03  5.8726305E-03
   220.750000000000      -8.4744506E-03  1.3301496E-03
   221.000000000000      -1.7903507E-02  6.9163092E-03
   221.250000000000      -5.1251617E-03  3.2182518E-02
   221.500000000000      -1.4473784E-03  1.0351109E-02
   221.750000000000      -4.9447422E-03  2.9808895E-03
   222.000000000000      -1.7824953E-02  3.2060600E-03
   222.250000000000      -1.0473882E-02  8.4184641E-03
   222.500000000000      -5.8726305E-03  4.4189598E-03
   222.750000000000      -2.7528550E-02  2.8704805E-03
   223.000000000000      -3.8196485E-02  2.6540149E-03
   223.250000000000      -1.7434601E-02  9.8664695E-03
   223.500000000000      -8.0310777E-03  1.2996815E-02
   223.750000000000      -1.3683215E-02  4.2488575E-03
   224.000000000000      -2.7336139E-02  4.1229734E-03
   224.250000000000      -3.6412179E-02  1.3876855E-02
   224.500000000000      -3.3706814E-02  2.4428695E-02
   224.750000000000      -9.5097600E-03  3.6738103E-03
   225.000000000000       1.1872406E-03  9.5688086E-03
   225.250000000000       1.0908661E-02  8.0859354E-03
   225.500000000000       1.0721360E-02  1.1097413E-02
   225.750000000000       2.9084103E-02  7.3853624E-03
   226.000000000000       1.7537396E-02  1.7232845E-02
   226.250000000000       1.6041316E-02  1.4798660E-02
   226.500000000000       2.0069838E-02  7.9218466E-03
   226.750000000000       1.3269440E-02 -7.8269356E-04
   227.000000000000       3.0180151E-03 -5.2163382E-03
   227.250000000000       7.0712096E-03  2.0360600E-05
   227.500000000000       4.6789497E-03 -4.0882398E-05
   227.750000000000       3.1681287E-03 -4.2488575E-03
   228.000000000000       1.4770885E-03 -6.3112164E-03
   228.250000000000       7.3149439E-04 -1.0210694E-03
   228.500000000000       2.0722104E-03 -6.0659456E-03
   228.750000000000       3.5546965E-03 -4.1647735E-03
   229.000000000000      -3.7540256E-03 -3.4370336E-03
   229.250000000000      -6.5605175E-03  3.4370336E-03
   229.500000000000      -7.0712096E-03 -9.9393842E-04
   229.750000000000      -1.0597298E-02 -9.2169354E-03
   230.000000000000      -1.1287617E-02 -1.4032460E-02
   230.250000000000      -1.3269440E-02 -9.2169354E-03
   230.500000000000      -1.7590258E-02 -1.5031786E-02
   230.750000000000      -4.5377735E-02 -2.9388608E-02
   231.000000000000      -5.1842120E-02 -1.3201042E-02
   231.250000000000      -7.0368372E-02 -7.1752826E-03
   231.500000000000      -5.4090086E-02 -5.1706694E-03
   231.750000000000      -8.1892461E-02 -1.4102792E-02
   232.000000000000      -8.0750175E-02 -1.0535509E-02
   232.250000000000      -8.2548745E-02 -1.6280576E-03
   232.500000000000      -6.8556212E-02 -1.8904860E-04
   232.750000000000      -8.7553069E-02 -4.5916415E-03
   233.000000000000      -9.1487966E-02 -1.4178294E-03
   233.250000000000      -7.5944126E-02  9.9866623E-03
   233.500000000000      -6.8406247E-02  8.3069764E-03
   233.750000000000      -5.6657650E-02  3.0927493E-03
   234.000000000000      -4.2362060E-02  1.9743750E-03
   234.250000000000      -1.9263584E-02  6.1635706E-03
   234.500000000000       1.2439205E-03  6.1565399E-05
   234.750000000000       4.6789497E-03 -7.2275605E-03
   235.000000000000       5.5737497E-04 -1.5104375E-02
   235.250000000000       5.4937378E-03 -3.2441525E-03
   235.500000000000      -4.3784000E-04 -9.1009336E-03
   235.750000000000      -4.6352148E-03 -6.9677816E-03
   236.000000000000      -8.3626397E-03 -6.4104535E-03
   236.250000000000      -1.0412415E-02  5.5737497E-04
   236.500000000000      -1.2659660E-02 -2.0722104E-03
   236.750000000000      -1.9101158E-02 -8.0859354E-03
   237.000000000000      -3.7187736E-02 -1.2392838E-02
   237.250000000000      -2.9687623E-02 -1.2154999E-03
   237.500000000000      -2.5540400E-02 -4.0398566E-03
   237.750000000000      -3.3177830E-02 -1.6818423E-02
   238.000000000000      -4.3797012E-02 -1.6438549E-02
   238.250000000000      -5.5840556E-02 -3.1681287E-03
   238.500000000000      -5.0412375E-02 -8.4744506E-03
   238.750000000000      -6.7957319E-02 -1.0473882E-02
   239.000000000000      -5.4090086E-02 -5.1706694E-03
   239.250000000000      -4.3797012E-02  2.2049143E-03
   239.500000000000      -1.7202325E-02  2.1714966E-03
   239.750000000000      -2.8794935E-02 -5.3543127E-03
   240.000000000000      -2.3177374E-02 -3.3593976E-03
   240.250000000000      -2.0085393E-02 -2.6185017E-03
   240.500000000000      -4.3761926E-03 -2.7976807E-03
   240.750000000000      -6.4104535E-03 -9.8664695E-03
   241.000000000000      -1.6212560E-02 -9.2751775E-03
   241.250000000000      -4.7228453E-03 -6.4603137E-03
   241.500000000000      -1.7205734E-03 -5.9207175E-03
   241.750000000000       1.4473784E-03 -2.1777369E-02
   242.000000000000      -8.8702637E-04 -5.5874935E-03
   242.250000000000       6.1565399E-05 -7.5980215E-03
   242.500000000000      -4.8517040E-04 -3.2060600E-03
   242.750000000000      -1.8904860E-04 -1.4243942E-02
   243.000000000000      -8.7000057E-03 -1.1866930E-02
   243.250000000000      -1.4887091E-02 -1.3613850E-02
   243.500000000000      -1.5104375E-02 -1.2929061E-02
   243.750000000000      -2.7144374E-02 -2.6101189E-02
   244.000000000000      -4.8874903E-02 -1.9754736E-02
   244.250000000000      -5.9283409E-02 -7.7592083E-03
   244.500000000000      -5.4625791E-02 -8.4184641E-03
   244.750000000000      -6.9007076E-02 -1.1224055E-02
   245.000000000000      -7.9777360E-02 -7.4913697E-03
   245.250000000000      -6.7957319E-02  2.7726140E-04
   245.500000000000      -6.8256445E-02  5.0907739E-04
   245.750000000000      -5.5840556E-02  1.0341500E-04
   246.000000000000      -4.2006951E-02  5.3314556E-04
   246.250000000000      -4.1067082E-02 -1.0341500E-04
   246.500000000000      -3.1409431E-02 -5.0907739E-04
   246.750000000000      -4.8494160E-02 -1.1997440E-02
   247.000000000000      -4.4401757E-02 -1.3301496E-03
   247.250000000000      -5.3026415E-02 -8.8137500E-03
   247.500000000000      -2.4618648E-02 -3.2233499E-04
   247.750000000000      -4.5500457E-02 -1.0289965E-02
   248.000000000000      -4.9257092E-02 -6.2126247E-03
   248.250000000000      -5.1189817E-02 -7.4382853E-03
   248.500000000000      -3.6632959E-02 -8.3453761E-04
   248.750000000000      -4.1535724E-02 -8.5869059E-03
   249.000000000000      -6.0124684E-02 -4.7669024E-03
   249.250000000000      -5.5029262E-02 -2.9971759E-04
   249.500000000000      -4.6240177E-02 -8.6070137E-04
   249.750000000000      -4.1184001E-02 -3.5546965E-03
   250.000000000000      -2.9988086E-02 -5.0346297E-03
   250.250000000000      -1.9426657E-02  7.3149439E-04
   250.500000000000      -7.8132600E-03  7.4382853E-03
   250.750000000000      -7.3853624E-03  3.9115440E-04
   251.000000000000      -2.8207066E-02  2.4433525E-03
   251.250000000000      -3.4454159E-02  2.2384934E-03
   251.500000000000      -2.1263005E-02  8.6070137E-04
   251.750000000000      -6.2827013E-02 -1.3962288E-02
   252.000000000000      -8.0100983E-02 -2.1382400E-03
   252.250000000000      -5.9283409E-02  1.5069600E-03
   252.500000000000      -4.8367567E-02  8.1961332E-03
   252.750000000000      -1.9672474E-02  7.1231653E-03
   253.000000000000      -6.5605175E-03  2.1966945E-02
   253.250000000000       4.0882398E-05  3.0816115E-02
   253.500000000000       1.0047001E-02  5.6052946E-02
   253.750000000000       4.2101990E-02  5.2996915E-02
   254.000000000000       2.2773005E-02  1.8467054E-02
   254.250000000000       2.1063518E-02  2.0288581E-02
   254.500000000000       3.7540256E-03  2.7021158E-02
   254.750000000000      -3.9115440E-04  6.3607544E-03
   255.000000000000      -1.0846066E-02  5.6818943E-03
   255.250000000000      -3.8762543E-02  1.9099574E-03
   255.500000000000      -5.1450253E-02 -2.1051446E-03
   255.750000000000      -5.4894608E-02  1.4473784E-03
   256.000000000000      -7.8810342E-02 -3.1681287E-03
   256.250000000000      -5.3556960E-02  6.0173748E-03
   256.500000000000      -1.0783632E-02  2.3240132E-02
   256.750000000000      -4.4189598E-03  1.9852279E-02
   257.000000000000      -2.2297535E-02  1.1479271E-02
   257.250000000000      -2.0168461E-02  1.0597298E-02
   257.500000000000      -2.0838803E-02  4.0813345E-03
   257.750000000000      -3.4992814E-02 -5.6346133E-03
   258.000000000000      -5.8864947E-02 -1.0721360E-02
   258.250000000000      -6.7957319E-02 -1.0473882E-02
   258.500000000000      -8.0750175E-02 -1.3269440E-02
   258.750000000000      -6.8556212E-02 -2.7721606E-02
   259.000000000000      -8.9938067E-02 -2.8207066E-02
   259.250000000000      -7.1130291E-02 -1.2861470E-02
   259.500000000000      -7.6735057E-02 -1.4243942E-02
   259.750000000000      -5.6248378E-02 -1.0412415E-02
   260.000000000000      -8.0587633E-02 -1.8461846E-03
   260.250000000000      -4.7360640E-02  6.6613662E-03
   260.500000000000      -3.4026138E-02  1.3427068E-02
   260.750000000000      -7.9763811E-03  2.7615223E-03
   261.000000000000      -1.0971418E-02  1.0107500E-02
   261.250000000000      -2.9439253E-03  6.7628599E-03
   261.500000000000      -3.4370336E-03  3.7540256E-03
   261.750000000000      -3.5972551E-02  1.4770885E-03
   262.000000000000      -5.1580712E-02  6.1565399E-05
   262.250000000000      -6.9007076E-02 -3.3208213E-03
   262.500000000000      -7.8008935E-02 -1.2260393E-02
   262.750000000000      -6.5294214E-02 -2.4345266E-02
   263.000000000000      -8.9938067E-02 -1.5031786E-02
   263.250000000000      -6.1397482E-02 -6.8649985E-03
   263.500000000000      -8.6036533E-02 -4.5049782E-03
   263.750000000000      -4.9640737E-02 -5.7293368E-03
   264.000000000000      -5.4357614E-02 -6.7120325E-03
   264.250000000000      -2.5726685E-02 -5.4471013E-03
   264.500000000000      -2.9091047E-02  8.2409599E-05
   264.750000000000      -2.0502342E-02  2.1714966E-03
   265.000000000000      -4.7360640E-02  6.6613662E-03
   265.250000000000      -4.5255173E-02  1.4892470E-02
   265.500000000000      -4.5746386E-02  3.0010501E-02
   265.750000000000      -4.9384814E-02  2.8952945E-02
   266.000000000000      -6.2827013E-02  2.1966945E-02
   266.250000000000      -6.4855441E-02  1.9206719E-02
   266.500000000000      -3.7971191E-02  2.3122905E-02
   266.750000000000      -7.4530602E-02  4.2488575E-03
   267.000000000000      -8.7046102E-02  1.9420856E-03
   267.250000000000      -0.1032529      1.8145400E-03
   267.500000000000      -9.6748598E-02  4.0813345E-03
   267.750000000000      -0.1062107      2.9971759E-04
   268.000000000000      -0.1344790      1.4590939E-04
   268.250000000000      -0.1109150     -1.0483615E-03
   268.500000000000      -0.1090212      7.0613658E-04
   268.750000000000      -0.1284798     -1.0412415E-02
   269.000000000000      -7.9615787E-02 -1.2392838E-02
   269.250000000000      -8.6372413E-02 -4.0813345E-03
   269.500000000000      -6.4418115E-02 -8.8708643E-03
   269.750000000000      -6.2683336E-02 -9.2751775E-03
   270.000000000000      -4.9512696E-02 -1.0168160E-02
   270.250000000000      -3.3494737E-02 -4.5049782E-03
   270.500000000000      -2.5169766E-02 -8.5305972E-03
   270.750000000000      -3.8196485E-02 -6.0173748E-03
   271.000000000000      -3.6302030E-02 -1.4385735E-02
   271.250000000000      -3.6965340E-02 -4.4189598E-03
   271.500000000000      -2.6857935E-02 -1.4102792E-02
   271.750000000000      -4.0137529E-02 -1.6590014E-02
   272.000000000000      -5.8586776E-02 -1.9672474E-02
   272.250000000000      -7.4374348E-02 -8.1409533E-03
   272.500000000000      -5.8309253E-02 -7.1231653E-03
   272.750000000000      -9.8175935E-02 -4.8555001E-03
   273.000000000000      -8.4533066E-02 -2.7615223E-03
   273.250000000000      -7.9615787E-02 -4.0398566E-03
   273.500000000000      -6.9157690E-02 -6.5605175E-03
   273.750000000000      -6.6915460E-02 -9.7469212E-03
   274.000000000000      -5.9004273E-02 -8.3069764E-03
   274.250000000000      -5.0412375E-02 -2.2647537E-02
   274.500000000000      -4.4644784E-02 -3.5753701E-02
   274.750000000000      -4.3556239E-02 -4.3797012E-02
   275.000000000000      -3.4776870E-02 -5.5704936E-02
   275.250000000000      -2.5354760E-02 -5.6521066E-02
   275.500000000000      -3.2131955E-02 -4.2957135E-02
   275.750000000000      -2.2297535E-02 -5.2498449E-02
   276.000000000000      -1.2459301E-02 -3.5863046E-02
   276.250000000000      -1.4385735E-02 -1.2794038E-02
   276.500000000000      -1.5690893E-02 -8.5869059E-03
   276.750000000000      -1.6742125E-02 -4.3784000E-04
   277.000000000000      -2.8207066E-02 -1.6895735E-03
   277.250000000000      -5.0800372E-02  7.9218466E-03
   277.500000000000      -7.1742728E-02  8.5869059E-03
   277.750000000000      -0.1111052      1.1097413E-02
   278.000000000000      -0.1128249      3.1303584E-03
   278.250000000000      -0.1226162      5.0907739E-04
   278.500000000000      -0.1490778     -9.4508724E-03
   278.750000000000      -0.1431920     -1.0908661E-02
   279.000000000000      -0.1120590     -1.2929061E-02
   279.250000000000      -9.1660984E-02 -5.8247047E-03
   279.500000000000      -7.7530019E-02 -1.2861470E-02
   279.750000000000      -7.1130291E-02 -1.5764933E-02
   280.000000000000      -6.1113510E-02 -1.4456874E-02
   280.250000000000      -4.7485944E-02 -7.0194150E-03
   280.500000000000      -4.8620913E-02 -2.2722336E-03
   280.750000000000      -5.3823199E-02 -3.8348855E-03
   281.000000000000      -4.8367567E-02  2.9439253E-03
   281.250000000000      -3.7971191E-02  3.8348855E-03
   281.500000000000      -4.2957135E-02  2.6185017E-03
   281.750000000000      -3.3706814E-02  1.0168160E-02
   282.000000000000      -3.6632959E-02  1.1607845E-02
   282.250000000000      -3.5535499E-02  3.6738103E-03
   282.500000000000      -3.8083758E-02  2.5496641E-04
   282.750000000000      -3.3072516E-02 -9.1588534E-03
   283.000000000000      -4.1888900E-02 -2.8598333E-02
   283.250000000000      -3.7187736E-02 -4.0833727E-02
   283.500000000000      -2.5820069E-02 -3.5101030E-02
   283.750000000000      -1.8298693E-02 -3.2652877E-02
   284.000000000000      -3.5535499E-02 -2.6195219E-02
   284.250000000000      -4.0253159E-02 -2.2472214E-02
   284.500000000000      -5.1842120E-02 -2.5726685E-02
   284.750000000000      -5.8864947E-02 -2.2297535E-02
   285.000000000000      -6.0406402E-02 -2.5354760E-02
   285.250000000000      -9.0969883E-02 -3.3706814E-02
   285.500000000000      -9.0797514E-02 -4.2957135E-02
   285.750000000000      -0.1050967     -4.4280484E-02
   286.000000000000      -0.1134010     -4.3196294E-02
   286.250000000000      -0.1391206     -5.1319953E-02
   286.500000000000      -0.1196365     -5.7618264E-02
   286.750000000000      -0.1586940     -5.8725782E-02
   287.000000000000      -0.1359474     -5.3556960E-02
   287.250000000000      -0.1539605     -3.4992814E-02
   287.500000000000      -0.1479789     -3.7634458E-02
   287.750000000000      -0.1672070     -2.1433815E-02
   288.000000000000      -0.1515094     -1.7434601E-02
   288.250000000000      -0.1309458     -9.9264849E-03
   288.500000000000      -0.1050967     -1.4456874E-02
   288.750000000000      -9.6393377E-02 -1.3544645E-02
   289.000000000000      -7.4687019E-02 -1.7824953E-02
   289.250000000000      -6.4418115E-02 -8.8708643E-03
   289.500000000000      -5.8309253E-02 -7.1231653E-03
   289.750000000000      -5.0541546E-02 -6.3112164E-03
   290.000000000000      -5.7618264E-02 -1.5369926E-03
   290.250000000000      -6.2253267E-02 -4.0813345E-03
   290.500000000000      -6.4272664E-02 -1.4102792E-02
   290.750000000000      -6.1682098E-02 -2.9587790E-02
   291.000000000000      -4.9384814E-02 -3.6854386E-02
   291.250000000000      -4.8241138E-02 -3.6522489E-02
   291.500000000000      -4.5132775E-02 -3.8083758E-02
   291.750000000000      -5.1973063E-02 -3.2967366E-02
   292.000000000000      -3.2967366E-02 -4.4401757E-02
   292.250000000000      -4.6240177E-02 -3.0593365E-02
   292.500000000000      -4.7360640E-02 -4.8620913E-02
   292.750000000000      -4.6240177E-02 -6.3692473E-02
   293.000000000000      -2.8794935E-02 -8.2877852E-02
   293.250000000000      -3.7971191E-02 -6.2539816E-02
   293.500000000000      -2.6572946E-02 -3.2028254E-02
   293.750000000000      -3.1512167E-02 -2.1519462E-02
   294.000000000000      -7.5446148E-03 -9.5688086E-03
   294.250000000000      -1.2525926E-02 -1.1034296E-03
   294.500000000000      -1.7048281E-02 -7.1752826E-03
   294.750000000000      -1.0168160E-02 -8.5305972E-03
   295.000000000000      -8.9281397E-03 -1.3338000E-02
   295.250000000000      -6.1146775E-03 -1.1034335E-02
   295.500000000000      -2.5831494E-03 -2.0394374E-03
   295.750000000000      -4.9000406E-03 -2.5479584E-03
   296.000000000000      -1.4473784E-03 -5.8247047E-03
   296.250000000000      -6.2618400E-03 -2.8339999E-03
   296.500000000000      -2.3061349E-03 -4.7228453E-03
   296.750000000000      -6.6108615E-03 -1.1224055E-02
   297.000000000000      -7.8132600E-03 -1.7205734E-03
   297.250000000000      -4.7669024E-03 -1.0535509E-02
   297.500000000000      -9.5097600E-03 -1.3475602E-02
   297.750000000000      -9.4015995E-04 -9.3921460E-03
   298.000000000000       3.5153143E-03 -2.5831494E-03
   298.250000000000       1.2439205E-03  5.2621686E-03
   298.500000000000      -3.9163902E-03  9.8066153E-03
   298.750000000000      -1.7746560E-02  8.5869059E-03
   299.000000000000      -3.1409431E-02 -8.3626397E-03
   299.250000000000      -5.9143759E-02 -1.2726769E-02
   299.500000000000      -5.0800372E-02 -2.8500274E-02
   299.750000000000      -7.8329012E-02 -2.3533825E-02
   300.000000000000      -5.9563190E-02 -3.1306859E-02
   300.250000000000      -7.2666213E-02 -1.2996815E-02
   300.500000000000      -7.7530019E-02 -1.2861470E-02
   300.750000000000      -6.5001540E-02 -4.2911414E-03
   301.000000000000      -4.6985704E-02 -9.8664695E-03
   301.250000000000      -5.4760117E-02 -4.3335864E-03
   301.500000000000      -4.8874903E-02 -1.1415225E-02
   301.750000000000      -4.0484902E-02 -6.2618400E-03
   302.000000000000      -1.9754736E-02 -6.5605175E-03
   302.250000000000      -2.3892853E-02 -2.3061349E-03
   302.500000000000      -3.6302030E-02 -7.3326007E-03
   302.750000000000      -3.4239825E-02 -5.0798152E-03
   303.000000000000      -3.2548372E-02 -2.7976807E-03
   303.250000000000      -3.2548372E-02 -4.4189598E-03
   303.500000000000      -3.1615060E-02 -7.8132600E-03
   303.750000000000      -4.1067082E-02 -1.4456874E-02
   304.000000000000      -3.4132902E-02 -2.0335078E-02
   304.250000000000      -6.2970854E-02 -2.3000117E-02
   304.500000000000      -4.4644784E-02 -2.0670250E-02
   304.750000000000      -4.2480752E-02 -1.3962288E-02
   305.000000000000      -4.1888900E-02 -2.8598333E-02
   305.250000000000      -3.7299175E-02 -2.1008000E-02
   305.500000000000      -3.1512167E-02 -2.1519462E-02
   305.750000000000      -2.7915306E-02 -2.3444470E-02
   306.000000000000      -3.9676622E-02 -4.0253159E-02
   306.250000000000      -3.8422424E-02 -4.4888455E-02
   306.500000000000      -4.5992959E-02 -3.9561797E-02
   306.750000000000      -4.2718623E-02 -4.2243529E-02
   307.000000000000      -3.3494737E-02 -1.3201042E-02
   307.250000000000      -2.5540400E-02 -4.0398566E-03
   307.500000000000      -2.9988086E-02  2.0360600E-05
   307.750000000000      -2.7336139E-02 -4.8517040E-04
   308.000000000000      -2.4618648E-02 -3.2233499E-04
   308.250000000000      -2.6383759E-02 -1.5369926E-03
   308.500000000000      -3.4776870E-02 -6.1146775E-03
   308.750000000000      -4.4038426E-02 -1.0721360E-02
   309.000000000000      -4.5132775E-02 -1.3613850E-02
   309.250000000000      -6.2110234E-02 -1.5323110E-02
   309.500000000000      -6.0124684E-02 -1.3613850E-02
   309.750000000000      -5.9843615E-02 -1.9837158E-02
   310.000000000000      -4.9640737E-02 -1.5031786E-02
   310.250000000000      -4.6116490E-02 -2.0085393E-02
   310.500000000000      -3.2444026E-02 -1.2996815E-02
   310.750000000000      -4.7862817E-02 -2.2210438E-02
   311.000000000000      -2.7721606E-02 -1.7357014E-02
   311.250000000000      -3.8876239E-02 -2.3177374E-02
   311.500000000000      -2.7818374E-02 -1.4314758E-02
   311.750000000000      -4.1418321E-02 -1.1034335E-02
   312.000000000000      -3.2548372E-02 -4.4189598E-03
   312.250000000000      -3.7971191E-02 -6.4603137E-03
   312.500000000000      -2.3000117E-02  7.3149439E-04
   312.750000000000      -2.4436234E-02  4.0398566E-03
   313.000000000000      -2.3802854E-02  4.5482293E-03
   313.250000000000      -4.5992959E-02 -1.2458159E-04
   313.500000000000      -5.1189817E-02 -5.4006265E-03
   313.750000000000      -5.7205606E-02 -3.2824064E-03
   314.000000000000      -7.5471498E-02 -3.3593976E-03
   314.250000000000      -5.1319953E-02 -3.6339446E-03
   314.500000000000      -5.6521066E-02 -4.0398566E-03
   314.750000000000      -2.0754445E-02 -1.6587350E-03
   315.000000000000      -8.9281397E-03 -7.0613658E-04
   315.250000000000      -4.2067352E-03 -2.0394374E-03
   315.500000000000      -9.1588534E-03 -1.2725024E-03
   315.750000000000      -1.0473882E-02 -2.4433525E-03
   316.000000000000      -7.3326007E-03  4.0813345E-03
   316.250000000000      -8.5305972E-03  4.2911414E-03
   316.500000000000      -7.0194150E-03  1.8779903E-03
   316.750000000000      -1.3822430E-02 -1.2439205E-03
   317.000000000000      -2.8893478E-02 -9.1588534E-03
   317.250000000000      -2.5447501E-02 -2.8339999E-03
   317.500000000000      -2.7721606E-02 -2.3401976E-03
   317.750000000000      -2.3713017E-02 -1.3012454E-03
   318.000000000000      -3.4239825E-02 -5.0798152E-03
   318.250000000000      -3.4776870E-02 -6.1146775E-03
   318.500000000000      -3.2339841E-02 -8.4744506E-03
   318.750000000000      -3.2131955E-02 -9.0431748E-03
   319.000000000000      -3.8196485E-02 -1.8617745E-02
   319.250000000000      -3.3706814E-02 -1.5396344E-02
   319.500000000000      -3.8309377E-02 -2.4893481E-02
   319.750000000000      -3.6522489E-02 -1.6742125E-02
   320.000000000000      -4.9512696E-02 -2.1605270E-02
   320.250000000000      -4.9384814E-02 -2.5262183E-02
   320.500000000000      -5.9563190E-02 -3.5644520E-02
   320.750000000000      -5.2498449E-02 -2.7818374E-02
   321.000000000000      -4.5132775E-02 -2.2559794E-02
   321.250000000000      -5.0930023E-02 -1.2392838E-02
   321.500000000000      -4.6240177E-02 -1.6818423E-02
   321.750000000000      -5.2762110E-02 -1.4032460E-02
   322.000000000000      -4.1888900E-02 -1.5323110E-02
   322.250000000000      -3.3177830E-02 -6.9163092E-03
   322.500000000000      -2.9091047E-02 -1.1034335E-02
   322.750000000000       1.2458159E-04  2.6540149E-03
   323.000000000000      -1.3592150E-03 -5.5737497E-04
   323.250000000000      -1.0210694E-03 -6.6613662E-03
   323.500000000000      -2.5129286E-03 -7.2800000E-03
   323.750000000000       1.4590939E-04 -2.9071223E-03
   324.000000000000      -6.4603137E-03 -1.4599634E-02
   324.250000000000      -9.2169354E-03 -5.5874935E-03
   324.500000000000      -2.0168461E-02 -1.4887091E-02
   324.750000000000      -1.9590374E-02 -1.4032460E-02
   325.000000000000      -3.4561567E-02 -3.7634458E-02
   325.250000000000      -5.9984069E-02 -4.7862817E-02
   325.500000000000      -6.0265463E-02 -4.6736550E-02
   325.750000000000      -7.7370711E-02 -4.6612214E-02
   326.000000000000      -5.6384642E-02 -2.4618648E-02
   326.250000000000      -4.4644784E-02 -2.0670250E-02
   326.500000000000      -5.0930023E-02 -5.8726305E-03
   326.750000000000      -5.3026415E-02 -1.8779903E-03
   327.000000000000      -5.7756141E-02 -4.1647735E-03
   327.250000000000      -8.7383918E-02 -6.5103350E-03
   327.500000000000      -0.1323950     -1.3406721E-02
   327.750000000000      -0.1224164     -1.2525926E-02
   328.000000000000      -0.1137859     -1.6062707E-02
   328.250000000000      -9.6926451E-02 -4.3335864E-03
   328.500000000000      -9.3749762E-02 -5.4937378E-03
   328.750000000000      -9.5684864E-02  6.8093999E-04
   329.000000000000      -0.1172788     -2.0360600E-05
   329.250000000000      -9.9974617E-02  5.2163382E-03
   329.500000000000      -6.6767268E-02  1.2996815E-02
   329.750000000000      -5.4894608E-02  8.0310777E-03
   330.000000000000      -7.6735057E-02  8.7000057E-03
   330.250000000000      -8.4699467E-02  4.4189598E-03
   330.500000000000      -7.9615787E-02  1.2861470E-02
   330.750000000000      -5.1450253E-02  1.7639505E-02
   331.000000000000      -2.7818374E-02  2.1400081E-02
   331.250000000000      -5.1251617E-03  1.4242020E-02
   331.500000000000      -4.2911414E-03  1.8887943E-02
   331.750000000000       7.8269356E-04  1.0597298E-02
   332.000000000000       5.9689656E-03  7.3853624E-03
   332.250000000000       3.4760933E-03  2.9808895E-03
   332.500000000000       9.9393842E-04  1.9099574E-03
   332.750000000000      -1.0210694E-03  2.2049143E-03
   333.000000000000      -3.3981351E-03  9.9393842E-04
   333.250000000000      -4.7669024E-03  3.8348855E-03
   333.500000000000      -1.3683215E-02  4.2488575E-03
   333.750000000000      -1.0659249E-02  8.9855762E-03
   334.000000000000      -3.4026138E-02  1.0721360E-02
   334.250000000000      -6.7212328E-02  6.7628599E-03
   334.500000000000      -9.4978936E-02  9.9866623E-03
   334.750000000000      -9.3749762E-02  2.5646899E-02
   335.000000000000      -0.1001554      3.8546819E-02
   335.250000000000      -6.2253267E-02  5.3886853E-02
   335.500000000000      -5.6384642E-02  4.0382128E-02
   335.750000000000      -3.5317943E-02  4.2736288E-02
   336.000000000000      -2.6101189E-02  1.8571831E-02
   336.250000000000      -1.7668329E-02  1.3132805E-02
   336.500000000000      -4.1067082E-02  4.8555001E-03
   336.750000000000      -2.9887769E-02  8.8708643E-03
   337.000000000000      -4.2480752E-02  4.0882398E-05
   337.250000000000      -2.9988086E-02  3.3981351E-03
   337.500000000000      -5.0283365E-02  1.2458159E-04
   337.750000000000      -7.2666213E-02 -5.8176561E-04
   338.000000000000      -0.1023370     -8.2514742E-03
   338.250000000000      -0.1212211     -9.2169354E-03
   338.500000000000      -0.1067699      1.6587350E-03
   338.750000000000      -3.0593365E-02  1.6236940E-02
   339.000000000000      -1.5764933E-02  9.6280184E-03
   339.250000000000      -7.4382853E-03  2.0288581E-02
   339.500000000000      -5.5405349E-03  1.4058845E-02
   339.750000000000      -5.1251617E-03  1.8362572E-02
   340.000000000000      -1.0351109E-02  1.9960910E-02
   340.250000000000      -1.0908661E-02  1.5461558E-02
   340.500000000000      -2.7048733E-02  7.0712096E-03
   340.750000000000      -3.3919536E-02  3.0180151E-03
   341.000000000000      -3.3388939E-02  2.3401976E-03
   341.250000000000      -1.8378215E-02  2.7615223E-03
   341.500000000000      -1.7512349E-02  5.9207175E-03
   341.750000000000      -1.3822430E-02  8.2514742E-03
   342.000000000000      -9.9264849E-03  1.1034335E-02
   342.250000000000      -3.9573847E-03  1.2392838E-02
   342.500000000000      -2.4433525E-03  2.0288581E-02
   342.750000000000      -1.0210694E-03  1.1866930E-02
   343.000000000000      -1.0535509E-02  4.7669024E-03
   343.250000000000      -7.9218466E-03  7.9218466E-03
   343.500000000000      -5.7293368E-03  9.8066153E-03
   343.750000000000      -3.3593976E-03  1.4334053E-02
   344.000000000000      -8.4184641E-03  1.5557444E-02
   344.250000000000      -1.8617745E-02  1.3696051E-02
   344.500000000000      -4.0833727E-02  6.3607544E-03
   344.750000000000      -6.6028729E-02  1.2458159E-04
   345.000000000000      -4.9768940E-02 -1.2194414E-02
   345.250000000000      -6.9913156E-02 -1.4887091E-02
   345.500000000000      -8.1075735E-02 -2.4893481E-02
   345.750000000000      -5.0930023E-02 -5.8726305E-03
   346.000000000000      -1.0783632E-02 -1.8145400E-03
   346.250000000000      -3.6738103E-03  6.5590459E-04
   346.500000000000      -2.1086000E-04  9.1351260E-04
   346.750000000000      -5.8176561E-04 -1.4770885E-03
   347.000000000000       4.3761926E-03 -1.3884415E-03
   347.250000000000       3.5546965E-03 -4.1647735E-03
   347.500000000000       2.6896896E-03 -7.3853624E-03
   347.750000000000       6.0173748E-03  1.0341500E-04
   348.000000000000      -3.4511360E-04  2.7976807E-03
   348.250000000000      -4.0813345E-03  8.5305972E-03
   348.500000000000      -1.0107500E-02  1.4798660E-02
   348.750000000000      -1.6895735E-03  1.5557444E-02
   349.000000000000       7.8269356E-04  1.0597298E-02
   349.250000000000       1.6895735E-03  1.0473882E-02
   349.500000000000       9.1351260E-04 -7.0613658E-04
   349.750000000000       8.7000057E-03 -7.5701339E-04
   350.000000000000       1.9420721E-02 -8.8702637E-04
   350.250000000000       3.7944537E-02  2.2722336E-03
   350.500000000000       3.3861328E-02  1.3696051E-02
   350.750000000000       2.8301606E-02  2.5770349E-02
   351.000000000000       1.4426381E-02  1.7334064E-02
   351.250000000000       1.4334053E-02  1.1351340E-02
   351.500000000000       1.5461558E-02  4.8111207E-03
   351.750000000000       1.4519006E-02 -1.8904860E-04
   352.000000000000       6.6108615E-03 -4.0882398E-05
   352.250000000000       4.8517040E-04 -5.3081601E-03
   352.500000000000       1.6587350E-03 -2.3401976E-03
   352.750000000000       2.3283259E-04 -9.2169354E-03
   353.000000000000       3.0000000E-03 -1.4032460E-02
   353.250000000000       4.3335864E-03 -1.2260393E-02
   353.500000000000      -7.0613658E-04 -1.3962288E-02
   353.750000000000       1.2439205E-03 -4.9447422E-03
   354.000000000000       1.5069600E-03  1.1312054E-03
   354.250000000000       2.2384934E-03  3.3981351E-03
   354.500000000000      -7.3149439E-04  5.1706694E-03
   354.750000000000       2.7726140E-04  8.4184641E-03
   355.000000000000      -1.1591424E-03  2.5156062E-02
   355.250000000000      -7.5701339E-04  2.3122905E-02
   355.500000000000       1.3012454E-03  1.3696051E-02
   355.750000000000      -1.2154999E-03  1.8145400E-03
   356.000000000000      -8.0310777E-03 -2.4433525E-03
   356.250000000000      -9.2751775E-03 -3.7943749E-03
   356.500000000000      -4.9000406E-03 -4.1647735E-03
   356.750000000000      -1.6739839E-04  1.8145400E-03
   357.000000000000      -3.4760933E-03  2.1086000E-04
   357.250000000000      -1.2459301E-02  1.7517344E-03
   357.500000000000      -2.8304640E-02 -4.3761926E-03
   357.750000000000      -3.0694809E-02 -5.5874935E-03
   358.000000000000      -3.0088563E-02 -8.7567978E-03
   358.250000000000      -2.9687623E-02 -7.5446148E-03
   358.500000000000      -3.5535499E-02 -3.0189201E-02
   358.750000000000      -1.9345040E-02 -7.5446148E-03
   359.000000000000      -3.5209406E-02 -9.5097600E-03
   359.250000000000      -2.6007323E-02 -1.1160653E-02
   359.500000000000      -3.7746541E-02 -1.1160653E-02
   359.750000000000      -4.6985704E-02 -1.2459301E-02
   360.000000000000      -2.4345266E-02 -6.2618400E-03
   360.250000000000      -8.5305972E-03 -3.9115440E-04
   360.500000000000      -1.8061098E-02  1.2458159E-04
   360.750000000000      -1.9672474E-02  9.9393842E-04
   361.000000000000      -7.8132600E-03  2.4433525E-03
   361.250000000000      -2.7976807E-03  2.7615223E-03
   361.500000000000      -4.5916415E-03  1.9743750E-03
   361.750000000000      -1.2659660E-02 -2.0722104E-03
   362.000000000000      -1.3544645E-02  2.5496641E-04
   362.250000000000      -2.5354760E-02 -1.3064730E-02
   362.500000000000      -1.6665990E-02 -8.1961332E-03
   362.750000000000      -2.2123501E-02 -2.0168461E-02
   363.000000000000      -2.1348329E-02 -3.0492082E-02
   363.250000000000      -1.8457897E-02 -2.0923320E-02
   363.500000000000      -2.6572946E-02 -3.2028254E-02
   363.750000000000      -2.5262183E-02 -2.5540400E-02
   364.000000000000      -1.6363058E-02 -1.3962288E-02
   364.250000000000      -9.7469212E-03 -1.5031786E-02
   364.500000000000      -8.4184641E-03 -1.0473882E-02
   364.750000000000      -7.4382853E-03 -1.5031786E-02
   365.000000000000      -4.3761926E-03 -2.7976807E-03
   365.250000000000      -3.3208213E-03 -7.0712096E-03
   365.500000000000      -4.5916415E-03 -3.6339446E-03
   365.750000000000      -7.1231653E-03 -3.3981351E-03
