  -598.000000000000        35.0011470000000        9.00317840000000        35.0059550000000        9.17417810000000     
  -594.000000000000        35.0018620000000        9.03157650000000        35.0065460000000        9.19886590000000     
  -590.000000000000        35.0025700000000        9.06000520000000        35.0071140000000        9.22310260000000     
  -586.000000000000        35.0032590000000        9.08849640000000        35.0076600000000        9.24694630000000     
  -582.000000000000        35.0039430000000        9.11708370000000        35.0081830000000        9.27045440000000     
  -578.000000000000        35.0046170000000        9.14579770000000        35.0086900000000        9.29368400000000     
  -574.000000000000        35.0052800000000        9.17467190000000        35.0091860000000        9.31669240000000     
  -570.000000000000        35.0059420000000        9.20373690000000        35.0096740000000        9.33953670000000     
  -566.000000000000        35.0065950000000        9.23302610000000        35.0101590000000        9.36227230000000     
  -562.000000000000        35.0072390000000        9.26257170000000        35.0106390000000        9.38495920000000     
  -558.000000000000        35.0078860000000        9.29240420000000        35.0111240000000        9.40765380000000     
  -554.000000000000        35.0085270000000        9.32255780000000        35.0116120000000        9.43041230000000     
  -550.000000000000        35.0091670000000        9.35306400000000        35.0121080000000        9.45329280000000     
  -546.000000000000        35.0098110000000        9.38395540000000        35.0126190000000        9.47635080000000     
  -542.000000000000        35.0104490000000        9.41524200000000        35.0131450000000        9.49961950000000     
  -538.000000000000        35.0110930000000        9.44686280000000        35.0136760000000        9.52310940000000     
  -534.000000000000        35.0117280000000        9.47874980000000        35.0142140000000        9.54683400000000     
  -530.000000000000        35.0123600000000        9.51083600000000        35.0147590000000        9.57080080000000     
  -526.000000000000        35.0129820000000        9.54305500000000        35.0153050000000        9.59502410000000     
  -522.000000000000        35.0135960000000        9.57533800000000        35.0158460000000        9.61951160000000     
  -518.000000000000        35.0141970000000        9.60761720000000        35.0163800000000        9.64427660000000     
  -514.000000000000        35.0147830000000        9.63982700000000        35.0169070000000        9.66932870000000     
  -510.000000000000        35.0153530000000        9.67189790000000        35.0174180000000        9.69467930000000     
  -506.000000000000        35.0159060000000        9.70376130000000        35.0179210000000        9.72034070000000     
  -502.000000000000        35.0164400000000        9.73535310000000        35.0184020000000        9.74632070000000     
  -498.000000000000        35.0169460000000        9.76660230000000        35.0188600000000        9.77263260000000     
  -494.000000000000        35.0174320000000        9.79744800000000        35.0192950000000        9.79927640000000     
  -490.000000000000        35.0178920000000        9.82791820000000        35.0197070000000        9.82622910000000     
  -486.000000000000        35.0183350000000        9.85808330000000        35.0200920000000        9.85347180000000     
  -482.000000000000        35.0187590000000        9.88800810000000        35.0204620000000        9.88098720000000     
  -478.000000000000        35.0191680000000        9.91776280000000        35.0208050000000        9.90875530000000     
  -474.000000000000        35.0195620000000        9.94741360000000        35.0211330000000        9.93675990000000     
  -470.000000000000        35.0199400000000        9.97702940000000        35.0214460000000        9.96498110000000     
  -466.000000000000        35.0203130000000        10.0066770000000        35.0217400000000        9.99340250000000     
  -462.000000000000        35.0206790000000        10.0364260000000        35.0220180000000        10.0220030000000     
  -458.000000000000        35.0210330000000        10.0663420000000        35.0222850000000        10.0507660000000     
  -454.000000000000        35.0213870000000        10.0964950000000        35.0225370000000        10.0796730000000     
  -450.000000000000        35.0217410000000        10.1269520000000        35.0227810000000        10.1087060000000     
  -446.000000000000        35.0220890000000        10.1577800000000        35.0230140000000        10.1378450000000     
  -442.000000000000        35.0224430000000        10.1890140000000        35.0232390000000        10.1670890000000     
  -438.000000000000        35.0227940000000        10.2206090000000        35.0234570000000        10.1964520000000     
  -434.000000000000        35.0231380000000        10.2525050000000        35.0236660000000        10.2259540000000     
  -430.000000000000        35.0234710000000        10.2846500000000        35.0238720000000        10.2556150000000     
  -426.000000000000        35.0237980000000        10.3169900000000        35.0240710000000        10.2854500000000     
  -422.000000000000        35.0241090000000        10.3494650000000        35.0242650000000        10.3154790000000     
  -418.000000000000        35.0244080000000        10.3820240000000        35.0244520000000        10.3457210000000     
  -414.000000000000        35.0246830000000        10.4146100000000        35.0246430000000        10.3761940000000     
  -410.000000000000        35.0249390000000        10.4471670000000        35.0248300000000        10.4069150000000     
  -406.000000000000        35.0251650000000        10.4796420000000        35.0250170000000        10.4379030000000     
  -402.000000000000        35.0253720000000        10.5119770000000        35.0252000000000        10.4691770000000     
  -398.000000000000        35.0255400000000        10.5441180000000        35.0253870000000        10.5007550000000     
  -394.000000000000        35.0256840000000        10.5760120000000        35.0255740000000        10.5326310000000     
  -390.000000000000        35.0257900000000        10.6076900000000        35.0257640000000        10.5646950000000     
  -386.000000000000        35.0258700000000        10.6392360000000        35.0259480000000        10.5968200000000     
  -382.000000000000        35.0259190000000        10.6707330000000        35.0261230000000        10.6288720000000     
  -378.000000000000        35.0259460000000        10.7022640000000        35.0262910000000        10.6607190000000     
  -374.000000000000        35.0259490000000        10.7339140000000        35.0264430000000        10.6922310000000     
  -370.000000000000        35.0259340000000        10.7657660000000        35.0265810000000        10.7232760000000     
  -366.000000000000        35.0258940000000        10.7979030000000        35.0267110000000        10.7537200000000     
  -362.000000000000        35.0258390000000        10.8304090000000        35.0268100000000        10.7834340000000     
  -358.000000000000        35.0257690000000        10.8633690000000        35.0268860000000        10.8122860000000     
  -354.000000000000        35.0256900000000        10.8968940000000        35.0269430000000        10.8402100000000     
  -350.000000000000        35.0255980000000        10.9310360000000        35.0269740000000        10.8675610000000     
  -346.000000000000        35.0254940000000        10.9657700000000        35.0269850000000        10.8948550000000     
  -342.000000000000        35.0253850000000        11.0010760000000        35.0269810000000        10.9226070000000     
  -338.000000000000        35.0252620000000        11.0369290000000        35.0269620000000        10.9513340000000     
  -334.000000000000        35.0251370000000        11.0733060000000        35.0269390000000        10.9815520000000     
  -330.000000000000        35.0250060000000        11.1101850000000        35.0269090000000        11.0137770000000     
  -326.000000000000        35.0248720000000        11.1475260000000        35.0268780000000        11.0485110000000     
  -322.000000000000        35.0247220000000        11.1852980000000        35.0268480000000        11.0858750000000     
  -318.000000000000        35.0245610000000        11.2237070000000        35.0268250000000        11.1255510000000     
  -314.000000000000        35.0243620000000        11.2629870000000        35.0268100000000        11.1671980000000     
  -310.000000000000        35.0241210000000        11.3033750000000        35.0268020000000        11.2104760000000     
  -306.000000000000        35.0238160000000        11.3451130000000        35.0268100000000        11.2550430000000     
  -302.000000000000        35.0234410000000        11.3884340000000        35.0268250000000        11.3005580000000     
  -298.000000000000        35.0229770000000        11.4335760000000        35.0268630000000        11.3466800000000     
  -294.000000000000        35.0224210000000        11.4807850000000        35.0269130000000        11.3930760000000     
  -290.000000000000        35.0217990000000        11.5299160000000        35.0269550000000        11.4397460000000     
  -286.000000000000        35.0211460000000        11.5805540000000        35.0269280000000        11.4869400000000     
  -282.000000000000        35.0204960000000        11.6322860000000        35.0267870000000        11.5349170000000     
  -278.000000000000        35.0198850000000        11.6847010000000        35.0264820000000        11.5839290000000     
  -274.000000000000        35.0193300000000        11.7374880000000        35.0259780000000        11.6340670000000     
  -270.000000000000        35.0187560000000        11.7911430000000        35.0253300000000        11.6843970000000     
  -266.000000000000        35.0180970000000        11.8466060000000        35.0246390000000        11.7335930000000     
  -262.000000000000        35.0172850000000        11.9048170000000        35.0239940000000        11.7803330000000     
  -258.000000000000        35.0162290000000        11.9667220000000        35.0234760000000        11.8232920000000     
  -254.000000000000        35.0149170000000        12.0331560000000        35.0231700000000        11.8616430000000     
  -250.000000000000        35.0134310000000        12.1046570000000        35.0229800000000        11.8985200000000     
  -246.000000000000        35.0118650000000        12.1817120000000        35.0227050000000        11.9389460000000     
  -242.000000000000        35.0103090000000        12.2648040000000        35.0221710000000        11.9879620000000     
  -238.000000000000        35.0088710000000        12.3544180000000        35.0211790000000        12.0506050000000     
  -234.000000000000        35.0075320000000        12.4507240000000        35.0195810000000        12.1309810000000     
  -230.000000000000        35.0061250000000        12.5525290000000        35.0174640000000        12.2260880000000     
  -226.000000000000        35.0044740000000        12.6582020000000        35.0150450000000        12.3296390000000     
  -222.000000000000        35.0024110000000        12.7661140000000        35.0125270000000        12.4353350000000     
  -218.000000000000        34.9997710000000        12.8746380000000        35.0101200000000        12.5368750000000     
  -214.000000000000        34.9964810000000        12.9830720000000        35.0079800000000        12.6297250000000     
  -210.000000000000        34.9926090000000        13.0951540000000        35.0059810000000        12.7179830000000     
  -206.000000000000        34.9882050000000        13.2165510000000        35.0038990000000        12.8084340000000     
  -202.000000000000        34.9833010000000        13.3529450000000        35.0015030000000        12.9078650000000     
  -198.000000000000        34.9779450000000        13.5100140000000        34.9985660000000        13.0230620000000     
  -194.000000000000        34.9720980000000        13.6909390000000        34.9949800000000        13.1578120000000     
  -190.000000000000        34.9662020000000        13.8839200000000        34.9911990000000        13.3015560000000     
  -186.000000000000        34.9611270000000        14.0698940000000        34.9878350000000        13.4398460000000     
  -182.000000000000        34.9571590000000        14.2442460000000        34.9850390000000        13.5707300000000     
  -178.000000000000        34.9527620000000        14.4282470000000        34.9824180000000        13.7065370000000     
  -174.000000000000        34.9461030000000        14.6472050000000        34.9796070000000        13.8574300000000     
  -170.000000000000        34.9375580000000        14.9120410000000        34.9762040000000        14.0267480000000     
  -166.000000000000        34.9288910000000        15.2216050000000        34.9717640000000        14.2173580000000     
  -162.000000000000        34.9208890000000        15.5524110000000        34.9664150000000        14.4226290000000     
  -158.000000000000        34.9126100000000        15.8629410000000        34.9609830000000        14.6223400000000     
  -154.000000000000        34.9034480000000        16.1230650000000        34.9559860000000        14.8067780000000     
  -150.000000000000        34.8951630000000        16.3680190000000        34.9504810000000        15.0060730000000     
  -146.000000000000        34.8901730000000        16.6560820000000        34.9433100000000        15.2557980000000     
  -142.000000000000        34.8874880000000        17.0038500000000        34.9353290000000        15.5432360000000     
  -138.000000000000        34.8826420000000        17.3711840000000        34.9291690000000        15.8155630000000     
  -134.000000000000        34.8727660000000        17.7232100000000        34.9263990000000        16.0375350000000     
  -130.000000000000        34.8609890000000        18.0678220000000        34.9244770000000        16.2356950000000     
  -126.000000000000        34.8516600000000        18.4234190000000        34.9199600000000        16.4503400000000     
  -122.000000000000        34.8455840000000        18.7925030000000        34.9119990000000        16.7144850000000     
  -118.000000000000        34.8403720000000        19.1642560000000        34.9021910000000        17.0468810000000     
  -114.000000000000        34.8342290000000        19.5309680000000        34.8920710000000        17.4489900000000     
  -110.000000000000        34.8281460000000        19.9044650000000        34.8827170000000        17.8640290000000     
  -106.000000000000        34.8232910000000        20.2980590000000        34.8750530000000        18.2283710000000     
  -102.000000000000        34.8167510000000        20.7179960000000        34.8691480000000        18.5529860000000     
  -98.0000000000000        34.8036130000000        21.1791210000000        34.8645630000000        18.8980790000000     
  -94.0000000000000        34.7818080000000        21.6864590000000        34.8608630000000        19.2937660000000     
  -90.0000000000000        34.7562410000000        22.1923810000000        34.8568000000000        19.6916500000000     
  -86.0000000000000        34.7319950000000        22.6331420000000        34.8508830000000        20.0387500000000     
  -82.0000000000000        34.7064150000000        23.0213010000000        34.8435130000000        20.3567310000000     
  -78.0000000000000        34.6742520000000        23.4665660000000        34.8366010000000        20.7103920000000     
  -74.0000000000000        34.6334660000000        24.0388370000000        34.8301160000000        21.1363120000000     
  -70.0000000000000        34.5956240000000        24.6554610000000        34.8188930000000        21.5969310000000     
  -66.0000000000000        34.5753850000000        25.2109070000000        34.7967220000000        22.0444720000000     
  -62.0000000000000        34.5535830000000        25.7175960000000        34.7608910000000        22.4748500000000     
  -58.0000000000000        34.4804870000000        26.2722290000000        34.7174610000000        22.9366570000000     
  -54.0000000000000        34.3200620000000        26.9281430000000        34.6706310000000        23.4722860000000     
  -50.0000000000000        34.1054930000000        27.5928410000000        34.6207920000000        24.0892660000000     
  -46.0000000000000        33.8934510000000        28.1376800000000        34.5675700000000        24.7870920000000     
  -42.0000000000000        33.7083500000000        28.5150700000000        34.5045240000000        25.5581700000000     
  -38.0000000000000        33.5493840000000        28.7478760000000        34.4276580000000        26.3868660000000     
  -34.0000000000000        33.4084590000000        28.8829680000000        34.3066710000000        27.2035100000000     
  -30.0000000000000        33.2891570000000        28.9852230000000        34.0708470000000        27.7690240000000     
  -26.0000000000000        33.2551880000000        29.0484070000000        33.7844510000000        28.3629780000000     
  -22.0000000000000        33.2280550000000        29.1166020000000        32.7282410000000        28.8254470000000     
  -18.0000000000000        33.1668210000000        29.2013670000000        31.1393970000000        28.8933410000000     
  -14.0000000000000        33.1459560000000        29.2433380000000        30.9071030000000        28.9727400000000     
  -10.0000000000000        32.9977420000000        29.2968810000000        30.9718090000000        29.2948470000000     
