0.000000, 5.294000148773
1.000000, 5.295430183411
2.000000, 5.296860694885
3.000000, 5.298290729523
4.000000, 5.297727108002
5.000000, 5.297163486481
6.000000, 5.297876358032
7.000000, 5.298589229584
8.000000, 5.299301624298
9.000000, 5.300014495850
10.000000, 5.300727367401
11.000000, 5.300010681152
12.000000, 5.299294471741
13.000000, 5.298578262329
14.000000, 5.297862052917
15.000000, 5.297145366669
16.000000, 5.296988964081
17.000000, 5.296832561493
18.000000, 5.296676158905
19.000000, 5.296520233154
20.000000, 5.296363830566
21.000000, 5.295316219330
22.000000, 5.294269084930
23.000000, 5.293221950531
24.000000, 5.292174339294
25.000000, 5.291127204895
26.000000, 5.289570808411
27.000000, 5.288014411926
28.000000, 5.286458015442
29.000000, 5.284901618958
30.000000, 5.283345222473
31.000000, 5.282178401947
32.000000, 5.281011104584
33.000000, 5.279843807220
34.000000, 5.278676509857
35.000000, 5.277509212494
36.000000, 5.276807308197
37.000000, 5.276105403900
38.000000, 5.275403499603
39.000000, 5.274701595306
40.000000, 5.274000167847
41.000000, 5.272818088531
42.000000, 5.271636486053
43.000000, 5.270454406738
44.000000, 5.269272804260
45.000000, 5.268090724945
46.000000, 5.267745494843
47.000000, 5.267399787903
48.000000, 5.267054557800
49.000000, 5.266709327698
50.000000, 5.266363620758
51.000000, 5.264705657959
52.000000, 5.263047218323
53.000000, 5.261389255524
54.000000, 5.259730815887
55.000000, 5.258072853088
56.000000, 5.256876468658
57.000000, 5.255680084229
58.000000, 5.254483699799
59.000000, 5.253287315369
60.000000, 5.252090930939
61.000000, 5.250010967255
62.000000, 5.247931003571
63.000000, 5.245851039886
64.000000, 5.243771076202
65.000000, 5.241691112518
66.000000, 5.239280223846
67.000000, 5.236868858337
68.000000, 5.234457969666
69.000000, 5.232047080994
70.000000, 5.229636192322
71.000000, 5.225628852844
72.000000, 5.221621990204
73.000000, 5.217614650726
74.000000, 5.213607311249
75.000000, 5.209599971771
76.000000, 5.204232692719
77.000000, 5.198865413666
78.000000, 5.193498134613
79.000000, 5.188130855560
80.000000, 5.182763576508
81.000000, 5.173058032990
82.000000, 5.163352489471
83.000000, 5.153647422791
84.000000, 5.143941879272
85.000000, 5.134236335754
86.000000, 5.123287200928
87.000000, 5.112338066101
88.000000, 5.101388931274
89.000000, 5.090439796448
90.000000, 5.079491138458
91.000000, 5.065850734711
92.000000, 5.052210807800
93.000000, 5.038570880890
94.000000, 5.024930953979
95.000000, 5.011291027069
96.000000, 4.997403621674
97.000000, 4.983516216278
98.000000, 4.969629287720
99.000000, 4.955741882324
100.000000, 4.941854476929
101.000000, 4.930081844330
102.000000, 4.918309211731
103.000000, 4.906536579132
104.000000, 4.894763469696
105.000000, 4.882990837097
106.000000, 4.871218204498
107.000000, 4.859445571899
108.000000, 4.847672939301
109.000000, 4.835899829865
110.000000, 4.824127197266
111.000000, 4.815310955048
112.000000, 4.806494712830
113.000000, 4.797677993774
114.000000, 4.788861751556
115.000000, 4.780045509338
116.000000, 4.771229267120
117.000000, 4.762412548065
118.000000, 4.753596305847
119.000000, 4.744780063629
120.000000, 4.735963821411
121.000000, 4.728927135468
122.000000, 4.721890926361
123.000000, 4.714854717255
124.000000, 4.707818031311
125.000000, 4.700781822205
126.000000, 4.693745613098
127.000000, 4.686708927155
128.000000, 4.679672718048
129.000000, 4.672636508942
130.000000, 4.665599822998
131.000000, 4.657863616943
132.000000, 4.650127410889
133.000000, 4.642390727997
134.000000, 4.634654521942
135.000000, 4.626918315887
136.000000, 4.619181632996
137.000000, 4.611445426941
138.000000, 4.603709220886
139.000000, 4.595972537994
140.000000, 4.588236331940
141.000000, 4.582320213318
142.000000, 4.576403617859
143.000000, 4.570487499237
144.000000, 4.564570903778
145.000000, 4.558654308319
146.000000, 4.552738189697
147.000000, 4.546821594238
148.000000, 4.540905475616
149.000000, 4.534988880157
150.000000, 4.529072761536
151.000000, 4.524291038513
152.000000, 4.519509315491
153.000000, 4.514727115631
154.000000, 4.509945392609
155.000000, 4.505163669586
156.000000, 4.500381946564
157.000000, 4.495600223541
158.000000, 4.490818023682
159.000000, 4.486036300659
160.000000, 4.481254577637
161.000000, 4.476643562317
162.000000, 4.472032546997
163.000000, 4.467422008514
164.000000, 4.462810993195
165.000000, 4.458199977875
166.000000, 4.453588962555
167.000000, 4.448977947235
168.000000, 4.444367408752
169.000000, 4.439756393433
170.000000, 4.435145378113
171.000000, 4.430812835693
172.000000, 4.426479816437
173.000000, 4.422147274017
174.000000, 4.417814731598
175.000000, 4.413481712341
176.000000, 4.409149169922
177.000000, 4.404816150665
178.000000, 4.400483608246
179.000000, 4.396151065826
180.000000, 4.391818046570
181.000000, 4.386927127838
182.000000, 4.382036209106
183.000000, 4.377145290375
184.000000, 4.372254371643
185.000000, 4.367363452911
186.000000, 4.362472534180
187.000000, 4.357581615448
188.000000, 4.352690696716
189.000000, 4.347799777985
190.000000, 4.342908859253
191.000000, 4.338459968567
192.000000, 4.334011077881
193.000000, 4.329561710358
194.000000, 4.325112819672
195.000000, 4.320663452148
196.000000, 4.316214561462
197.000000, 4.311765670776
198.000000, 4.307316303253
199.000000, 4.302867412567
200.000000, 4.298418045044
201.000000, 4.293209075928
202.000000, 4.288000106812
203.000000, 4.282791137695
204.000000, 4.277581691742
205.000000, 4.272372722626
206.000000, 4.267163753510
207.000000, 4.261954784393
208.000000, 4.256745338440
209.000000, 4.251536369324
210.000000, 4.246327400208
211.000000, 4.242138385773
212.000000, 4.237948894501
213.000000, 4.233759880066
214.000000, 4.229570865631
215.000000, 4.225381851196
216.000000, 4.221192836761
217.000000, 4.217003822327
218.000000, 4.212814331055
219.000000, 4.208625316620
220.000000, 4.204436302185
221.000000, 4.200750827789
222.000000, 4.197065353394
223.000000, 4.193379878998
224.000000, 4.189694404602
225.000000, 4.186008930206
226.000000, 4.182323455811
227.000000, 4.178637981415
228.000000, 4.174952507019
229.000000, 4.171267509460
230.000000, 4.167582035065
231.000000, 4.165147304535
232.000000, 4.162712574005
233.000000, 4.160278320312
234.000000, 4.157843589783
235.000000, 4.155408859253
236.000000, 4.152974605560
237.000000, 4.150539875031
238.000000, 4.148105621338
239.000000, 4.145670890808
240.000000, 4.143236160278
241.000000, 4.141070842743
242.000000, 4.138905525208
243.000000, 4.136740207672
244.000000, 4.134574413300
245.000000, 4.132409095764
246.000000, 4.130243778229
247.000000, 4.128077983856
248.000000, 4.125912666321
249.000000, 4.123747348785
250.000000, 4.121582031250
251.000000, 4.119641780853
252.000000, 4.117702007294
253.000000, 4.115761756897
254.000000, 4.113821983337
255.000000, 4.111881732941
256.000000, 4.109941959381
257.000000, 4.108001708984
258.000000, 4.106061935425
259.000000, 4.104121685028
260.000000, 4.102181911469
261.000000, 4.100389003754
262.000000, 4.098596572876
263.000000, 4.096803665161
264.000000, 4.095010757446
265.000000, 4.093218326569
266.000000, 4.091425418854
267.000000, 4.089632511139
268.000000, 4.087840080261
269.000000, 4.086047172546
270.000000, 4.084254741669
271.000000, 4.082974433899
272.000000, 4.081694602966
273.000000, 4.080414772034
274.000000, 4.079134464264
275.000000, 4.077854633331
276.000000, 4.076574325562
277.000000, 4.075294494629
278.000000, 4.074014663696
279.000000, 4.072734355927
280.000000, 4.071454524994
281.000000, 4.070587158203
282.000000, 4.069719791412
283.000000, 4.068852901459
284.000000, 4.067985534668
285.000000, 4.067118167877
286.000000, 4.066250801086
287.000000, 4.065383434296
288.000000, 4.064516544342
289.000000, 4.063649177551
290.000000, 4.062781810760
291.000000, 4.061481952667
292.000000, 4.060181617737
293.000000, 4.058881759644
294.000000, 4.057581901550
295.000000, 4.056282043457
296.000000, 4.054981708527
297.000000, 4.053681850433
298.000000, 4.052381992340
299.000000, 4.051081657410
300.000000, 4.049781799316
301.000000, 4.048562049866
302.000000, 4.047341823578
303.000000, 4.046121597290
304.000000, 4.044901847839
305.000000, 4.043681621552
306.000000, 4.042461872101
307.000000, 4.041241645813
308.000000, 4.040021896362
309.000000, 4.038801670074
310.000000, 4.037581920624
311.000000, 4.035894393921
312.000000, 4.034207344055
313.000000, 4.032519817352
314.000000, 4.030832767487
315.000000, 4.029145240784
316.000000, 4.027458190918
317.000000, 4.025771141052
318.000000, 4.024083614349
319.000000, 4.022396564484
320.000000, 4.020709037781
321.000000, 4.018916130066
322.000000, 4.017123699188
323.000000, 4.015330791473
324.000000, 4.013538360596
325.000000, 4.011745452881
326.000000, 4.009952545166
327.000000, 4.008160114288
328.000000, 4.006367206573
329.000000, 4.004574775696
330.000000, 4.002781867981
331.000000, 4.001487255096
332.000000, 4.000192642212
333.000000, 3.998898267746
334.000000, 3.997603654861
335.000000, 3.996309041977
336.000000, 3.995014429092
337.000000, 3.993720054626
338.000000, 3.992425441742
339.000000, 3.991130828857
340.000000, 3.989836454391
341.000000, 3.988403558731
342.000000, 3.986970901489
343.000000, 3.985538244247
344.000000, 3.984105348587
345.000000, 3.982672691345
346.000000, 3.981240034103
347.000000, 3.979807376862
348.000000, 3.978374481201
349.000000, 3.976941823959
350.000000, 3.975509166718
351.000000, 3.974212646484
352.000000, 3.972916364670
353.000000, 3.971620082855
354.000000, 3.970323562622
355.000000, 3.969027280807
356.000000, 3.967730998993
357.000000, 3.966434478760
358.000000, 3.965138196945
359.000000, 3.963841915131
360.000000, 3.962545394897
361.000000, 3.961281776428
362.000000, 3.960018157959
363.000000, 3.958754539490
364.000000, 3.957490921021
365.000000, 3.956227302551
366.000000, 3.954963684082
367.000000, 3.953700065613
368.000000, 3.952436447144
369.000000, 3.951172828674
370.000000, 3.949908971786
371.000000, 3.948581933975
372.000000, 3.947254657745
373.000000, 3.945927381516
374.000000, 3.944600105286
375.000000, 3.943272829056
376.000000, 3.941945552826
377.000000, 3.940618276596
378.000000, 3.939291000366
379.000000, 3.937963724136
380.000000, 3.936636447906
381.000000, 3.935281753540
382.000000, 3.933927297592
383.000000, 3.932572841644
384.000000, 3.931218147278
385.000000, 3.929863691330
386.000000, 3.928508996964
387.000000, 3.927154541016
388.000000, 3.925800085068
389.000000, 3.924445390701
390.000000, 3.923090934753
391.000000, 3.921794652939
392.000000, 3.920498132706
393.000000, 3.919201850891
394.000000, 3.917905569077
395.000000, 3.916609048843
396.000000, 3.915312767029
397.000000, 3.914016246796
398.000000, 3.912719964981
399.000000, 3.911423683167
400.000000, 3.910127162933
401.000000, 3.908665418625
402.000000, 3.907203674316
403.000000, 3.905741930008
404.000000, 3.904279947281
405.000000, 3.902818202972
406.000000, 3.901356458664
407.000000, 3.899894475937
408.000000, 3.898432731628
409.000000, 3.896970987320
410.000000, 3.895509004593
411.000000, 3.894136428833
412.000000, 3.892763614655
413.000000, 3.891390800476
414.000000, 3.890018224716
415.000000, 3.888645410538
416.000000, 3.887272834778
417.000000, 3.885900020599
418.000000, 3.884527206421
419.000000, 3.883154630661
420.000000, 3.881781816483
421.000000, 3.880350828171
422.000000, 3.878920078278
423.000000, 3.877489089966
424.000000, 3.876058101654
425.000000, 3.874627351761
426.000000, 3.873196363449
427.000000, 3.871765375137
428.000000, 3.870334625244
429.000000, 3.868903636932
430.000000, 3.867472648621
431.000000, 3.866041898727
432.000000, 3.864610910416
433.000000, 3.863179922104
434.000000, 3.861749172211
435.000000, 3.860318183899
436.000000, 3.858887195587
437.000000, 3.857456445694
438.000000, 3.856025457382
439.000000, 3.854594469070
440.000000, 3.853163719177
441.000000, 3.851669073105
442.000000, 3.850174427032
443.000000, 3.848680019379
444.000000, 3.847185373306
445.000000, 3.845690965652
446.000000, 3.844196319580
447.000000, 3.842701911926
448.000000, 3.841207265854
449.000000, 3.839712619781
450.000000, 3.838218212128
451.000000, 3.836852788925
452.000000, 3.835487365723
453.000000, 3.834121704102
454.000000, 3.832756280899
455.000000, 3.831390857697
456.000000, 3.830025434494
457.000000, 3.828660011292
458.000000, 3.827294588089
459.000000, 3.825929164886
460.000000, 3.824563741684
461.000000, 3.823158264160
462.000000, 3.821752786636
463.000000, 3.820347309113
464.000000, 3.818941831589
465.000000, 3.817536354065
466.000000, 3.816130876541
467.000000, 3.814725399017
468.000000, 3.813319921494
469.000000, 3.811914443970
470.000000, 3.810509204865
471.000000, 3.809265375137
472.000000, 3.808021783829
473.000000, 3.806778192520
474.000000, 3.805534601212
475.000000, 3.804291009903
476.000000, 3.803047180176
477.000000, 3.801803588867
478.000000, 3.800559997559
479.000000, 3.799316406250
480.000000, 3.798072814941
481.000000, 3.796667337418
482.000000, 3.795261859894
483.000000, 3.793856382370
484.000000, 3.792450904846
485.000000, 3.791045427322
486.000000, 3.789639949799
487.000000, 3.788234472275
488.000000, 3.786828994751
489.000000, 3.785423755646
490.000000, 3.784018278122
491.000000, 3.782510995865
492.000000, 3.781003713608
493.000000, 3.779496431351
494.000000, 3.777989149094
495.000000, 3.776481866837
496.000000, 3.774974584579
497.000000, 3.773467302322
498.000000, 3.771960020065
499.000000, 3.770452737808
500.000000, 3.768945455551
501.000000, 3.767185449600
502.000000, 3.765425443649
503.000000, 3.763665437698
504.000000, 3.761905431747
505.000000, 3.760145425797
506.000000, 3.758385419846
507.000000, 3.756625413895
508.000000, 3.754865407944
509.000000, 3.753105401993
510.000000, 3.751345396042
511.000000, 3.749629020691
512.000000, 3.747912645340
513.000000, 3.746196269989
514.000000, 3.744479894638
515.000000, 3.742763519287
516.000000, 3.741047382355
517.000000, 3.739331007004
518.000000, 3.737614631653
519.000000, 3.735898256302
520.000000, 3.734181880951
521.000000, 3.732414484024
522.000000, 3.730647325516
523.000000, 3.728879928589
524.000000, 3.727112770081
525.000000, 3.725345373154
526.000000, 3.723578214645
527.000000, 3.721810817719
528.000000, 3.720043659210
529.000000, 3.718276262283
530.000000, 3.716509103775
531.000000, 3.714656352997
532.000000, 3.712803602219
533.000000, 3.710950851440
534.000000, 3.709098100662
535.000000, 3.707245349884
536.000000, 3.705392837524
537.000000, 3.703540086746
538.000000, 3.701687335968
539.000000, 3.699834585190
540.000000, 3.697981834412
541.000000, 3.696050882339
542.000000, 3.694119930267
543.000000, 3.692188978195
544.000000, 3.690258264542
545.000000, 3.688327312469
546.000000, 3.686396360397
547.000000, 3.684465408325
548.000000, 3.682534456253
549.000000, 3.680603742599
550.000000, 3.678672790527
551.000000, 3.676752805710
552.000000, 3.674832820892
553.000000, 3.672912836075
554.000000, 3.670992612839
555.000000, 3.669072628021
556.000000, 3.667152643204
557.000000, 3.665232658386
558.000000, 3.663312673569
559.000000, 3.661392688751
560.000000, 3.659472703934
561.000000, 3.657578229904
562.000000, 3.655683517456
563.000000, 3.653789043427
564.000000, 3.651894569397
565.000000, 3.650000095367
566.000000, 3.648105382919
567.000000, 3.646210908890
568.000000, 3.644316434860
569.000000, 3.642421722412
570.000000, 3.640527248383
571.000000, 3.638580083847
572.000000, 3.636632680893
573.000000, 3.634685516357
574.000000, 3.632738113403
575.000000, 3.630790948868
576.000000, 3.628843545914
577.000000, 3.626896381378
578.000000, 3.624948978424
579.000000, 3.623001813889
580.000000, 3.621054649353
581.000000, 3.619205474854
582.000000, 3.617356300354
583.000000, 3.615507364273
584.000000, 3.613658189774
585.000000, 3.611809015274
586.000000, 3.609960079193
587.000000, 3.608110904694
588.000000, 3.606261730194
589.000000, 3.604412794113
590.000000, 3.602563619614
591.000000, 3.600672721863
592.000000, 3.598781824112
593.000000, 3.596890926361
594.000000, 3.595000028610
595.000000, 3.593109130859
596.000000, 3.591218233109
597.000000, 3.589327335358
598.000000, 3.587436437607
599.000000, 3.585545539856
600.000000, 3.583654642105
601.000000, 3.581681728363
602.000000, 3.579709053040
603.000000, 3.577736377716
604.000000, 3.575763702393
605.000000, 3.573791027069
606.000000, 3.571818113327
607.000000, 3.569845438004
608.000000, 3.567872762680
609.000000, 3.565900087357
610.000000, 3.563927173615
611.000000, 3.561985492706
612.000000, 3.560043573380
613.000000, 3.558101892471
614.000000, 3.556159973145
615.000000, 3.554218292236
616.000000, 3.552276372910
617.000000, 3.550334453583
618.000000, 3.548392772675
619.000000, 3.546450853348
620.000000, 3.544509172440
621.000000, 3.542645454407
622.000000, 3.540781736374
623.000000, 3.538918256760
624.000000, 3.537054538727
625.000000, 3.535190820694
626.000000, 3.533327341080
627.000000, 3.531463623047
628.000000, 3.529599905014
629.000000, 3.527736425400
630.000000, 3.525872707367
631.000000, 3.523938179016
632.000000, 3.522003650665
633.000000, 3.520069122314
634.000000, 3.518134593964
635.000000, 3.516200065613
636.000000, 3.514265537262
637.000000, 3.512331008911
638.000000, 3.510396480560
639.000000, 3.508461713791
640.000000, 3.506527185440
641.000000, 3.504625558853
642.000000, 3.502723693848
643.000000, 3.500821828842
644.000000, 3.498919963837
645.000000, 3.497018098831
646.000000, 3.495116472244
647.000000, 3.493214607239
648.000000, 3.491312742233
649.000000, 3.489410877228
650.000000, 3.487509012222
651.000000, 3.485661745071
652.000000, 3.483814477921
653.000000, 3.481967210770
654.000000, 3.480119943619
655.000000, 3.478272676468
656.000000, 3.476425409317
657.000000, 3.474578142166
658.000000, 3.472730875015
659.000000, 3.470883607864
660.000000, 3.469036340714
661.000000, 3.467196464539
662.000000, 3.465356349945
663.000000, 3.463516473770
664.000000, 3.461676359177
665.000000, 3.459836244583
666.000000, 3.457996368408
667.000000, 3.456156253815
668.000000, 3.454316377640
669.000000, 3.452476263046
670.000000, 3.450636386871
671.000000, 3.448798179626
672.000000, 3.446959972382
673.000000, 3.445121765137
674.000000, 3.443283557892
675.000000, 3.441445350647
676.000000, 3.439607381821
677.000000, 3.437769174576
678.000000, 3.435930967331
679.000000, 3.434092760086
680.000000, 3.432254552841
681.000000, 3.430365562439
682.000000, 3.428476333618
683.000000, 3.426587343216
684.000000, 3.424698114395
685.000000, 3.422809123993
686.000000, 3.420919895172
687.000000, 3.419030904770
688.000000, 3.417141914368
689.000000, 3.415252685547
690.000000, 3.413363695145
691.000000, 3.411269187927
692.000000, 3.409174442291
693.000000, 3.407079935074
694.000000, 3.404985427856
695.000000, 3.402890920639
696.000000, 3.400796413422
697.000000, 3.398701906204
698.000000, 3.396607160568
699.000000, 3.394512653351
700.000000, 3.392418146133
701.000000, 3.390369176865
702.000000, 3.388319969177
703.000000, 3.386270999908
704.000000, 3.384221792221
705.000000, 3.382172822952
706.000000, 3.380123615265
707.000000, 3.378074645996
708.000000, 3.376025438309
709.000000, 3.373976469040
710.000000, 3.371927261353
711.000000, 3.369841814041
712.000000, 3.367756366730
713.000000, 3.365670919418
714.000000, 3.363585472107
715.000000, 3.361500024796
716.000000, 3.359414577484
717.000000, 3.357329130173
718.000000, 3.355243682861
719.000000, 3.353158235550
720.000000, 3.351072788239
721.000000, 3.348921775818
722.000000, 3.346771001816
723.000000, 3.344619989395
724.000000, 3.342468976974
725.000000, 3.340318202972
726.000000, 3.338167190552
727.000000, 3.336016416550
728.000000, 3.333865404129
729.000000, 3.331714630127
730.000000, 3.329563617706
731.000000, 3.327739953995
732.000000, 3.325916290283
733.000000, 3.324092626572
734.000000, 3.322269201279
735.000000, 3.320445537567
736.000000, 3.318621873856
737.000000, 3.316798210144
738.000000, 3.314974546432
739.000000, 3.313150882721
740.000000, 3.311327219009
741.000000, 3.309256315231
742.000000, 3.307185411453
743.000000, 3.305114507675
744.000000, 3.303043603897
745.000000, 3.300972700119
746.000000, 3.298901796341
747.000000, 3.296830892563
748.000000, 3.294759988785
749.000000, 3.292689085007
750.000000, 3.290618181229
751.000000, 3.288709163666
752.000000, 3.286799907684
753.000000, 3.284890890121
754.000000, 3.282981872559
755.000000, 3.281072616577
756.000000, 3.279163599014
757.000000, 3.277254581451
758.000000, 3.275345563889
759.000000, 3.273436307907
760.000000, 3.271527290344
761.000000, 3.269701719284
762.000000, 3.267876386642
763.000000, 3.266050815582
764.000000, 3.264225482941
765.000000, 3.262399911880
766.000000, 3.260574579239
767.000000, 3.258749008179
768.000000, 3.256923675537
769.000000, 3.255098104477
770.000000, 3.253272771835
771.000000, 3.251387357712
772.000000, 3.249501705170
773.000000, 3.247616291046
774.000000, 3.245730876923
775.000000, 3.243845462799
776.000000, 3.241960048676
777.000000, 3.240074634552
778.000000, 3.238188982010
779.000000, 3.236303567886
780.000000, 3.234418153763
781.000000, 3.232539892197
782.000000, 3.230661869049
783.000000, 3.228783607483
784.000000, 3.226905345917
785.000000, 3.225027322769
786.000000, 3.223149061203
787.000000, 3.221270799637
788.000000, 3.219392776489
789.000000, 3.217514514923
790.000000, 3.215636253357
791.000000, 3.213968992233
792.000000, 3.212301731110
793.000000, 3.210634469986
794.000000, 3.208967208862
795.000000, 3.207299947739
796.000000, 3.205632686615
797.000000, 3.203965425491
798.000000, 3.202298164368
799.000000, 3.200630903244
800.000000, 3.198963642120
801.000000, 3.197246313095
802.000000, 3.195528984070
803.000000, 3.193811893463
804.000000, 3.192094564438
805.000000, 3.190377235413
806.000000, 3.188659906387
807.000000, 3.186942815781
808.000000, 3.185225486755
809.000000, 3.183508157730
810.000000, 3.181790828705
811.000000, 3.180073738098
812.000000, 3.178356409073
813.000000, 3.176639080048
814.000000, 3.174921751022
815.000000, 3.173204660416
816.000000, 3.171487331390
817.000000, 3.169770002365
818.000000, 3.168052673340
819.000000, 3.166335344315
820.000000, 3.164618253708
821.000000, 3.162868976593
822.000000, 3.161119937897
823.000000, 3.159370899200
824.000000, 3.157621860504
825.000000, 3.155872821808
826.000000, 3.154123544693
827.000000, 3.152374505997
828.000000, 3.150625467300
829.000000, 3.148876428604
830.000000, 3.147127389908
831.000000, 3.145378112793
832.000000, 3.143629074097
833.000000, 3.141880035400
834.000000, 3.140130996704
835.000000, 3.138381719589
836.000000, 3.136632680893
837.000000, 3.134883642197
838.000000, 3.133134603500
839.000000, 3.131385564804
840.000000, 3.129636287689
841.000000, 3.127924442291
842.000000, 3.126212835312
843.000000, 3.124500989914
844.000000, 3.122789144516
845.000000, 3.121077299118
846.000000, 3.119365453720
847.000000, 3.117653608322
848.000000, 3.115941762924
849.000000, 3.114229917526
850.000000, 3.112518072128
851.000000, 3.110806465149
852.000000, 3.109094619751
853.000000, 3.107382774353
854.000000, 3.105670928955
855.000000, 3.103959083557
856.000000, 3.102247238159
857.000000, 3.100535392761
858.000000, 3.098823547363
859.000000, 3.097111701965
860.000000, 3.095400094986
861.000000, 3.093646287918
862.000000, 3.091892719269
863.000000, 3.090139150620
864.000000, 3.088385343552
865.000000, 3.086631774902
866.000000, 3.084878206253
867.000000, 3.083124637604
868.000000, 3.081370830536
869.000000, 3.079617261887
870.000000, 3.077863693237
871.000000, 3.076109886169
872.000000, 3.074356317520
873.000000, 3.072602748871
874.000000, 3.070849180222
875.000000, 3.069095373154
876.000000, 3.067341804504
877.000000, 3.065588235855
878.000000, 3.063834428787
879.000000, 3.062080860138
880.000000, 3.060327291489
881.000000, 3.058748245239
882.000000, 3.057169198990
883.000000, 3.055589914322
884.000000, 3.054010868073
885.000000, 3.052431821823
886.000000, 3.050852775574
887.000000, 3.049273729324
888.000000, 3.047694444656
889.000000, 3.046115398407
890.000000, 3.044536352158
891.000000, 3.042957305908
892.000000, 3.041378259659
893.000000, 3.039798974991
894.000000, 3.038219928741
895.000000, 3.036640882492
896.000000, 3.035061836243
897.000000, 3.033482789993
898.000000, 3.031903743744
899.000000, 3.030324459076
900.000000, 3.028745412827
901.000000, 3.027217388153
902.000000, 3.025689125061
903.000000, 3.024160861969
904.000000, 3.022632837296
905.000000, 3.021104574203
906.000000, 3.019576311111
907.000000, 3.018048286438
908.000000, 3.016520023346
909.000000, 3.014991760254
910.000000, 3.013463735580
911.000000, 3.011935472488
912.000000, 3.010407209396
913.000000, 3.008879184723
914.000000, 3.007350921631
915.000000, 3.005822658539
916.000000, 3.004294633865
917.000000, 3.002766370773
918.000000, 3.001238107681
919.000000, 2.999710083008
920.000000, 2.998181819916
921.000000, 2.996663570404
922.000000, 2.995145559311
923.000000, 2.993627309799
924.000000, 2.992109060287
925.000000, 2.990590810776
926.000000, 2.989072799683
927.000000, 2.987554550171
928.000000, 2.986036300659
929.000000, 2.984518289566
930.000000, 2.983000040054
931.000000, 2.981481790543
932.000000, 2.979963541031
933.000000, 2.978445529938
934.000000, 2.976927280426
935.000000, 2.975409030914
936.000000, 2.973891019821
937.000000, 2.972372770309
938.000000, 2.970854520798
939.000000, 2.969336271286
940.000000, 2.967818260193
941.000000, 2.966261863708
942.000000, 2.964705467224
943.000000, 2.963149070740
944.000000, 2.961592674255
945.000000, 2.960036277771
946.000000, 2.958479881287
947.000000, 2.956923723221
948.000000, 2.955367326736
949.000000, 2.953810930252
950.000000, 2.952254533768
951.000000, 2.950698137283
952.000000, 2.949141740799
953.000000, 2.947585344315
954.000000, 2.946029186249
955.000000, 2.944472789764
956.000000, 2.942916393280
957.000000, 2.941359996796
958.000000, 2.939803600311
959.000000, 2.938247203827
960.000000, 2.936690807343
961.000000, 2.935215473175
962.000000, 2.933739900589
963.000000, 2.932264566422
964.000000, 2.930788993835
965.000000, 2.929313659668
966.000000, 2.927838087082
967.000000, 2.926362752914
968.000000, 2.924887180328
969.000000, 2.923411846161
970.000000, 2.921936273575
971.000000, 2.920460939407
972.000000, 2.918985366821
973.000000, 2.917510032654
974.000000, 2.916034460068
975.000000, 2.914559125900
976.000000, 2.913083553314
977.000000, 2.911608219147
978.000000, 2.910132646561
979.000000, 2.908657312393
980.000000, 2.907181739807
981.000000, 2.905725479126
982.000000, 2.904268980026
983.000000, 2.902812719345
984.000000, 2.901356458664
985.000000, 2.899899959564
986.000000, 2.898443698883
987.000000, 2.896987199783
988.000000, 2.895530939102
989.000000, 2.894074440002
990.000000, 2.892618179321
991.000000, 2.891161918640
992.000000, 2.889705419540
993.000000, 2.888249158859
994.000000, 2.886792659760
995.000000, 2.885336399078
996.000000, 2.883879899979
997.000000, 2.882423639297
998.000000, 2.880967378616
999.000000, 2.879510879517
1000.000000, 2.878054618835
