0.000000, 32.655254364014
1.000000, 32.654327392578
2.000000, 32.653400421143
3.000000, 32.652473449707
4.000000, 32.653072357178
5.000000, 32.653671264648
6.000000, 32.653278350830
7.000000, 32.652885437012
8.000000, 32.652496337891
9.000000, 32.652103424072
10.000000, 32.651710510254
11.000000, 32.651889801025
12.000000, 32.652072906494
13.000000, 32.652256011963
14.000000, 32.652435302734
15.000000, 32.652618408203
16.000000, 32.652580261230
17.000000, 32.652545928955
18.000000, 32.652507781982
19.000000, 32.652473449707
20.000000, 32.652435302734
21.000000, 32.652755737305
22.000000, 32.653076171875
23.000000, 32.653396606445
24.000000, 32.653717041016
25.000000, 32.654037475586
26.000000, 32.654598236084
27.000000, 32.655155181885
28.000000, 32.655715942383
29.000000, 32.656276702881
30.000000, 32.656837463379
31.000000, 32.657138824463
32.000000, 32.657440185547
33.000000, 32.657741546631
34.000000, 32.658042907715
35.000000, 32.658344268799
36.000000, 32.658752441406
37.000000, 32.659160614014
38.000000, 32.659568786621
39.000000, 32.659973144531
40.000000, 32.660381317139
41.000000, 32.660728454590
42.000000, 32.661071777344
43.000000, 32.661418914795
44.000000, 32.661762237549
45.000000, 32.662109375000
46.000000, 32.662460327148
47.000000, 32.662815093994
48.000000, 32.663166046143
49.000000, 32.663520812988
50.000000, 32.663871765137
51.000000, 32.664161682129
52.000000, 32.664447784424
53.000000, 32.664733886719
54.000000, 32.665019989014
55.000000, 32.665309906006
56.000000, 32.665634155273
57.000000, 32.665954589844
58.000000, 32.666278839111
59.000000, 32.666603088379
60.000000, 32.666927337646
61.000000, 32.667510986328
62.000000, 32.668098449707
63.000000, 32.668682098389
64.000000, 32.669269561768
65.000000, 32.669853210449
66.000000, 32.670463562012
67.000000, 32.671070098877
68.000000, 32.671676635742
69.000000, 32.672283172607
70.000000, 32.672889709473
71.000000, 32.673843383789
72.000000, 32.674797058105
73.000000, 32.675750732422
74.000000, 32.676700592041
75.000000, 32.677654266357
76.000000, 32.678752899170
77.000000, 32.679851531982
78.000000, 32.680950164795
79.000000, 32.682048797607
80.000000, 32.683143615723
81.000000, 32.685909271240
82.000000, 32.688671112061
83.000000, 32.691436767578
84.000000, 32.694198608398
85.000000, 32.696964263916
86.000000, 32.700634002686
87.000000, 32.704299926758
88.000000, 32.707969665527
89.000000, 32.711639404297
90.000000, 32.715309143066
91.000000, 32.720489501953
92.000000, 32.725673675537
93.000000, 32.730854034424
94.000000, 32.736038208008
95.000000, 32.741218566895
96.000000, 32.748958587646
97.000000, 32.756702423096
98.000000, 32.764442443848
99.000000, 32.772186279297
100.000000, 32.779926300049
101.000000, 32.796016693115
102.000000, 32.812110900879
103.000000, 32.828201293945
104.000000, 32.844291687012
105.000000, 32.860382080078
106.000000, 32.876472473145
107.000000, 32.892562866211
108.000000, 32.908653259277
109.000000, 32.924743652344
110.000000, 32.940837860107
111.000000, 32.963596343994
112.000000, 32.986358642578
113.000000, 33.009120941162
114.000000, 33.031883239746
115.000000, 33.054645538330
116.000000, 33.077407836914
117.000000, 33.100170135498
118.000000, 33.122932434082
119.000000, 33.145690917969
120.000000, 33.168453216553
121.000000, 33.186588287354
122.000000, 33.204723358154
123.000000, 33.222858428955
124.000000, 33.240993499756
125.000000, 33.259128570557
126.000000, 33.277263641357
127.000000, 33.295394897461
128.000000, 33.313529968262
129.000000, 33.331665039062
130.000000, 33.349800109863
131.000000, 33.362438201904
132.000000, 33.375076293945
133.000000, 33.387714385986
134.000000, 33.400352478027
135.000000, 33.412990570068
136.000000, 33.425628662109
137.000000, 33.438266754150
138.000000, 33.450904846191
139.000000, 33.463542938232
140.000000, 33.476181030273
141.000000, 33.484951019287
142.000000, 33.493724822998
143.000000, 33.502494812012
144.000000, 33.511264801025
145.000000, 33.520034790039
146.000000, 33.528808593750
147.000000, 33.537578582764
148.000000, 33.546348571777
149.000000, 33.555118560791
150.000000, 33.563892364502
151.000000, 33.570781707764
152.000000, 33.577671051025
153.000000, 33.584564208984
154.000000, 33.591453552246
155.000000, 33.598346710205
156.000000, 33.605236053467
157.000000, 33.612125396729
158.000000, 33.619018554688
159.000000, 33.625907897949
160.000000, 33.632801055908
161.000000, 33.638107299805
162.000000, 33.643417358398
163.000000, 33.648727416992
164.000000, 33.654037475586
165.000000, 33.659343719482
166.000000, 33.664653778076
167.000000, 33.669963836670
168.000000, 33.675273895264
169.000000, 33.680580139160
170.000000, 33.685890197754
171.000000, 33.690345764160
172.000000, 33.694805145264
173.000000, 33.699260711670
174.000000, 33.703716278076
175.000000, 33.708171844482
176.000000, 33.712627410889
177.000000, 33.717086791992
178.000000, 33.721542358398
179.000000, 33.725997924805
180.000000, 33.730453491211
181.000000, 33.733142852783
182.000000, 33.735832214355
183.000000, 33.738521575928
184.000000, 33.741210937500
185.000000, 33.743900299072
186.000000, 33.746589660645
187.000000, 33.749279022217
188.000000, 33.751968383789
189.000000, 33.754657745361
190.000000, 33.757347106934
191.000000, 33.759449005127
192.000000, 33.761550903320
193.000000, 33.763656616211
194.000000, 33.765758514404
195.000000, 33.767864227295
196.000000, 33.769966125488
197.000000, 33.772071838379
198.000000, 33.774173736572
199.000000, 33.776279449463
200.000000, 33.778381347656
201.000000, 33.780033111572
202.000000, 33.781688690186
203.000000, 33.783340454102
204.000000, 33.784992218018
205.000000, 33.786643981934
206.000000, 33.788299560547
207.000000, 33.789951324463
208.000000, 33.791603088379
209.000000, 33.793254852295
210.000000, 33.794910430908
211.000000, 33.796325683594
212.000000, 33.797740936279
213.000000, 33.799160003662
214.000000, 33.800575256348
215.000000, 33.801990509033
216.000000, 33.803405761719
217.000000, 33.804824829102
218.000000, 33.806240081787
219.000000, 33.807655334473
220.000000, 33.809074401855
221.000000, 33.810565948486
222.000000, 33.812057495117
223.000000, 33.813549041748
224.000000, 33.815044403076
225.000000, 33.816535949707
226.000000, 33.818027496338
227.000000, 33.819522857666
228.000000, 33.821014404297
229.000000, 33.822505950928
230.000000, 33.824001312256
231.000000, 33.825454711914
232.000000, 33.826911926270
233.000000, 33.828369140625
234.000000, 33.829826354980
235.000000, 33.831283569336
236.000000, 33.832736968994
237.000000, 33.834194183350
238.000000, 33.835651397705
239.000000, 33.837108612061
240.000000, 33.838562011719
241.000000, 33.840038299561
242.000000, 33.841514587402
243.000000, 33.842987060547
244.000000, 33.844463348389
245.000000, 33.845935821533
246.000000, 33.847412109375
247.000000, 33.848884582520
248.000000, 33.850360870361
249.000000, 33.851833343506
250.000000, 33.853309631348
251.000000, 33.854576110840
252.000000, 33.855842590332
253.000000, 33.857109069824
254.000000, 33.858379364014
255.000000, 33.859645843506
256.000000, 33.860912322998
257.000000, 33.862178802490
258.000000, 33.863449096680
259.000000, 33.864715576172
260.000000, 33.865982055664
261.000000, 33.867336273193
262.000000, 33.868686676025
263.000000, 33.870040893555
264.000000, 33.871391296387
265.000000, 33.872745513916
266.000000, 33.874099731445
267.000000, 33.875450134277
268.000000, 33.876804351807
269.000000, 33.878154754639
270.000000, 33.879508972168
271.000000, 33.880931854248
272.000000, 33.882350921631
273.000000, 33.883773803711
274.000000, 33.885196685791
275.000000, 33.886619567871
276.000000, 33.888038635254
277.000000, 33.889461517334
278.000000, 33.890884399414
279.000000, 33.892307281494
280.000000, 33.893726348877
281.000000, 33.895137786865
282.000000, 33.896545410156
283.000000, 33.897953033447
284.000000, 33.899364471436
285.000000, 33.900772094727
286.000000, 33.902183532715
287.000000, 33.903591156006
288.000000, 33.904998779297
289.000000, 33.906410217285
290.000000, 33.907817840576
291.000000, 33.909152984619
292.000000, 33.910488128662
293.000000, 33.911823272705
294.000000, 33.913154602051
295.000000, 33.914489746094
296.000000, 33.915824890137
297.000000, 33.917160034180
298.000000, 33.918495178223
299.000000, 33.919830322266
300.000000, 33.921165466309
301.000000, 33.922519683838
302.000000, 33.923877716064
303.000000, 33.925231933594
304.000000, 33.926589965820
305.000000, 33.927944183350
306.000000, 33.929302215576
307.000000, 33.930656433105
308.000000, 33.932014465332
309.000000, 33.933372497559
310.000000, 33.934726715088
311.000000, 33.935977935791
312.000000, 33.937229156494
313.000000, 33.938480377197
314.000000, 33.939731597900
315.000000, 33.940982818604
316.000000, 33.942234039307
317.000000, 33.943485260010
318.000000, 33.944732666016
319.000000, 33.945983886719
320.000000, 33.947235107422
321.000000, 33.948486328125
322.000000, 33.949733734131
323.000000, 33.950984954834
324.000000, 33.952232360840
325.000000, 33.953483581543
326.000000, 33.954730987549
327.000000, 33.955978393555
328.000000, 33.957229614258
329.000000, 33.958477020264
330.000000, 33.959728240967
331.000000, 33.960937500000
332.000000, 33.962150573730
333.000000, 33.963359832764
334.000000, 33.964569091797
335.000000, 33.965782165527
336.000000, 33.966991424561
337.000000, 33.968204498291
338.000000, 33.969413757324
339.000000, 33.970626831055
340.000000, 33.971836090088
341.000000, 33.972995758057
342.000000, 33.974155426025
343.000000, 33.975315093994
344.000000, 33.976474761963
345.000000, 33.977638244629
346.000000, 33.978797912598
347.000000, 33.979957580566
348.000000, 33.981117248535
349.000000, 33.982276916504
350.000000, 33.983436584473
351.000000, 33.984580993652
352.000000, 33.985725402832
353.000000, 33.986865997314
354.000000, 33.988010406494
355.000000, 33.989154815674
356.000000, 33.990299224854
357.000000, 33.991443634033
358.000000, 33.992584228516
359.000000, 33.993728637695
360.000000, 33.994873046875
361.000000, 33.995933532715
362.000000, 33.996997833252
363.000000, 33.998058319092
364.000000, 33.999118804932
365.000000, 34.000183105469
366.000000, 34.001243591309
367.000000, 34.002304077148
368.000000, 34.003368377686
369.000000, 34.004428863525
370.000000, 34.005489349365
371.000000, 34.006610870361
372.000000, 34.007728576660
373.000000, 34.008846282959
374.000000, 34.009963989258
375.000000, 34.011081695557
376.000000, 34.012199401855
377.000000, 34.013317108154
378.000000, 34.014434814453
379.000000, 34.015556335449
380.000000, 34.016674041748
381.000000, 34.017677307129
382.000000, 34.018684387207
383.000000, 34.019687652588
384.000000, 34.020694732666
385.000000, 34.021701812744
386.000000, 34.022705078125
387.000000, 34.023712158203
388.000000, 34.024715423584
389.000000, 34.025722503662
390.000000, 34.026725769043
391.000000, 34.027744293213
392.000000, 34.028762817383
393.000000, 34.029781341553
394.000000, 34.030799865723
395.000000, 34.031818389893
396.000000, 34.032836914062
397.000000, 34.033855438232
398.000000, 34.034873962402
399.000000, 34.035892486572
400.000000, 34.036907196045
401.000000, 34.037956237793
402.000000, 34.039001464844
403.000000, 34.040046691895
404.000000, 34.041091918945
405.000000, 34.042137145996
406.000000, 34.043182373047
407.000000, 34.044227600098
408.000000, 34.045272827148
409.000000, 34.046318054199
410.000000, 34.047363281250
411.000000, 34.048286437988
412.000000, 34.049205780029
413.000000, 34.050128936768
414.000000, 34.051052093506
415.000000, 34.051971435547
416.000000, 34.052894592285
417.000000, 34.053817749023
418.000000, 34.054737091064
419.000000, 34.055660247803
420.000000, 34.056583404541
421.000000, 34.057571411133
422.000000, 34.058563232422
423.000000, 34.059555053711
424.000000, 34.060546875000
425.000000, 34.061534881592
426.000000, 34.062526702881
427.000000, 34.063518524170
428.000000, 34.064510345459
429.000000, 34.065498352051
430.000000, 34.066490173340
431.000000, 34.067440032959
432.000000, 34.068393707275
433.000000, 34.069343566895
434.000000, 34.070293426514
435.000000, 34.071247100830
436.000000, 34.072196960449
437.000000, 34.073146820068
438.000000, 34.074096679688
439.000000, 34.075050354004
440.000000, 34.076000213623
441.000000, 34.076969146729
442.000000, 34.077934265137
443.000000, 34.078903198242
444.000000, 34.079868316650
445.000000, 34.080837249756
446.000000, 34.081802368164
447.000000, 34.082771301270
448.000000, 34.083736419678
449.000000, 34.084705352783
450.000000, 34.085674285889
451.000000, 34.086563110352
452.000000, 34.087451934814
453.000000, 34.088340759277
454.000000, 34.089229583740
455.000000, 34.090118408203
456.000000, 34.091007232666
457.000000, 34.091896057129
458.000000, 34.092784881592
459.000000, 34.093673706055
460.000000, 34.094562530518
461.000000, 34.095481872559
462.000000, 34.096397399902
463.000000, 34.097312927246
464.000000, 34.098228454590
465.000000, 34.099143981934
466.000000, 34.100063323975
467.000000, 34.100978851318
468.000000, 34.101894378662
469.000000, 34.102809906006
470.000000, 34.103725433350
471.000000, 34.104595184326
472.000000, 34.105464935303
473.000000, 34.106334686279
474.000000, 34.107204437256
475.000000, 34.108074188232
476.000000, 34.108940124512
477.000000, 34.109809875488
478.000000, 34.110679626465
479.000000, 34.111549377441
480.000000, 34.112419128418
481.000000, 34.113277435303
482.000000, 34.114135742188
483.000000, 34.114994049072
484.000000, 34.115852355957
485.000000, 34.116710662842
486.000000, 34.117568969727
487.000000, 34.118427276611
488.000000, 34.119281768799
489.000000, 34.120140075684
490.000000, 34.120998382568
491.000000, 34.121791839600
492.000000, 34.122585296631
493.000000, 34.123378753662
494.000000, 34.124172210693
495.000000, 34.124961853027
496.000000, 34.125755310059
497.000000, 34.126548767090
498.000000, 34.127342224121
499.000000, 34.128135681152
500.000000, 34.128929138184
501.000000, 34.129669189453
502.000000, 34.130413055420
503.000000, 34.131156921387
504.000000, 34.131900787354
505.000000, 34.132644653320
506.000000, 34.133388519287
507.000000, 34.134132385254
508.000000, 34.134876251221
509.000000, 34.135620117188
510.000000, 34.136363983154
511.000000, 34.137168884277
512.000000, 34.137969970703
513.000000, 34.138774871826
514.000000, 34.139579772949
515.000000, 34.140380859375
516.000000, 34.141185760498
517.000000, 34.141990661621
518.000000, 34.142791748047
519.000000, 34.143596649170
520.000000, 34.144401550293
521.000000, 34.145107269287
522.000000, 34.145812988281
523.000000, 34.146522521973
524.000000, 34.147228240967
525.000000, 34.147937774658
526.000000, 34.148643493652
527.000000, 34.149349212646
528.000000, 34.150058746338
529.000000, 34.150764465332
530.000000, 34.151473999023
531.000000, 34.152256011963
532.000000, 34.153038024902
533.000000, 34.153820037842
534.000000, 34.154598236084
535.000000, 34.155380249023
536.000000, 34.156162261963
537.000000, 34.156944274902
538.000000, 34.157726287842
539.000000, 34.158508300781
540.000000, 34.159290313721
541.000000, 34.160018920898
542.000000, 34.160743713379
543.000000, 34.161472320557
544.000000, 34.162200927734
545.000000, 34.162925720215
546.000000, 34.163654327393
547.000000, 34.164382934570
548.000000, 34.165107727051
549.000000, 34.165836334229
550.000000, 34.166564941406
551.000000, 34.167236328125
552.000000, 34.167911529541
553.000000, 34.168586730957
554.000000, 34.169261932373
555.000000, 34.169937133789
556.000000, 34.170612335205
557.000000, 34.171283721924
558.000000, 34.171958923340
559.000000, 34.172634124756
560.000000, 34.173309326172
561.000000, 34.173988342285
562.000000, 34.174667358398
563.000000, 34.175342559814
564.000000, 34.176021575928
565.000000, 34.176700592041
566.000000, 34.177379608154
567.000000, 34.178054809570
568.000000, 34.178733825684
569.000000, 34.179412841797
570.000000, 34.180091857910
571.000000, 34.180805206299
572.000000, 34.181514739990
573.000000, 34.182228088379
574.000000, 34.182941436768
575.000000, 34.183654785156
576.000000, 34.184368133545
577.000000, 34.185081481934
578.000000, 34.185791015625
579.000000, 34.186504364014
580.000000, 34.187217712402
581.000000, 34.187969207764
582.000000, 34.188724517822
583.000000, 34.189476013184
584.000000, 34.190227508545
585.000000, 34.190982818604
586.000000, 34.191734313965
587.000000, 34.192485809326
588.000000, 34.193241119385
589.000000, 34.193992614746
590.000000, 34.194744110107
591.000000, 34.195369720459
592.000000, 34.195995330811
593.000000, 34.196620941162
594.000000, 34.197246551514
595.000000, 34.197872161865
596.000000, 34.198497772217
597.000000, 34.199123382568
598.000000, 34.199748992920
599.000000, 34.200374603271
600.000000, 34.201000213623
601.000000, 34.201633453369
602.000000, 34.202270507812
603.000000, 34.202903747559
604.000000, 34.203536987305
605.000000, 34.204174041748
606.000000, 34.204807281494
607.000000, 34.205440521240
608.000000, 34.206077575684
609.000000, 34.206710815430
610.000000, 34.207344055176
611.000000, 34.207996368408
612.000000, 34.208648681641
613.000000, 34.209297180176
614.000000, 34.209949493408
615.000000, 34.210601806641
616.000000, 34.211250305176
617.000000, 34.211902618408
618.000000, 34.212551116943
619.000000, 34.213203430176
620.000000, 34.213855743408
621.000000, 34.214477539062
622.000000, 34.215103149414
623.000000, 34.215724945068
624.000000, 34.216350555420
625.000000, 34.216972351074
626.000000, 34.217597961426
627.000000, 34.218219757080
628.000000, 34.218845367432
629.000000, 34.219467163086
630.000000, 34.220092773438
631.000000, 34.220729827881
632.000000, 34.221370697021
633.000000, 34.222011566162
634.000000, 34.222652435303
635.000000, 34.223289489746
636.000000, 34.223930358887
637.000000, 34.224571228027
638.000000, 34.225212097168
639.000000, 34.225849151611
640.000000, 34.226490020752
641.000000, 34.227035522461
642.000000, 34.227577209473
643.000000, 34.228122711182
644.000000, 34.228664398193
645.000000, 34.229209899902
646.000000, 34.229751586914
647.000000, 34.230297088623
648.000000, 34.230838775635
649.000000, 34.231384277344
650.000000, 34.231925964355
651.000000, 34.232490539551
652.000000, 34.233051300049
653.000000, 34.233612060547
654.000000, 34.234172821045
655.000000, 34.234737396240
656.000000, 34.235298156738
657.000000, 34.235858917236
658.000000, 34.236423492432
659.000000, 34.236984252930
660.000000, 34.237545013428
661.000000, 34.238079071045
662.000000, 34.238613128662
663.000000, 34.239147186279
664.000000, 34.239685058594
665.000000, 34.240219116211
666.000000, 34.240753173828
667.000000, 34.241287231445
668.000000, 34.241821289062
669.000000, 34.242355346680
670.000000, 34.242889404297
671.000000, 34.243431091309
672.000000, 34.243972778320
673.000000, 34.244514465332
674.000000, 34.245059967041
675.000000, 34.245601654053
676.000000, 34.246143341064
677.000000, 34.246685028076
678.000000, 34.247226715088
679.000000, 34.247768402100
680.000000, 34.248310089111
681.000000, 34.248878479004
682.000000, 34.249446868896
683.000000, 34.250015258789
684.000000, 34.250583648682
685.000000, 34.251155853271
686.000000, 34.251724243164
687.000000, 34.252292633057
688.000000, 34.252861022949
689.000000, 34.253429412842
690.000000, 34.254001617432
691.000000, 34.254528045654
692.000000, 34.255054473877
693.000000, 34.255580902100
694.000000, 34.256107330322
695.000000, 34.256637573242
696.000000, 34.257164001465
697.000000, 34.257690429688
698.000000, 34.258216857910
699.000000, 34.258747100830
700.000000, 34.259273529053
701.000000, 34.259803771973
702.000000, 34.260334014893
703.000000, 34.260864257812
704.000000, 34.261394500732
705.000000, 34.261928558350
706.000000, 34.262458801270
707.000000, 34.262989044189
708.000000, 34.263519287109
709.000000, 34.264049530029
710.000000, 34.264583587646
711.000000, 34.265132904053
712.000000, 34.265686035156
713.000000, 34.266239166260
714.000000, 34.266792297363
715.000000, 34.267345428467
716.000000, 34.267898559570
717.000000, 34.268451690674
718.000000, 34.269004821777
719.000000, 34.269557952881
720.000000, 34.270107269287
721.000000, 34.270511627197
722.000000, 34.270912170410
723.000000, 34.271312713623
724.000000, 34.271717071533
725.000000, 34.272117614746
726.000000, 34.272518157959
727.000000, 34.272922515869
728.000000, 34.273323059082
729.000000, 34.273723602295
730.000000, 34.274127960205
731.000000, 34.274765014648
732.000000, 34.275398254395
733.000000, 34.276035308838
734.000000, 34.276672363281
735.000000, 34.277309417725
736.000000, 34.277946472168
737.000000, 34.278583526611
738.000000, 34.279216766357
739.000000, 34.279853820801
740.000000, 34.280490875244
741.000000, 34.280841827393
742.000000, 34.281192779541
743.000000, 34.281543731689
744.000000, 34.281894683838
745.000000, 34.282245635986
746.000000, 34.282596588135
747.000000, 34.282947540283
748.000000, 34.283298492432
749.000000, 34.283649444580
750.000000, 34.284000396729
751.000000, 34.284488677979
752.000000, 34.284973144531
753.000000, 34.285461425781
754.000000, 34.285949707031
755.000000, 34.286437988281
756.000000, 34.286922454834
757.000000, 34.287410736084
758.000000, 34.287899017334
759.000000, 34.288387298584
760.000000, 34.288871765137
761.000000, 34.289314270020
762.000000, 34.289756774902
763.000000, 34.290199279785
764.000000, 34.290641784668
765.000000, 34.291080474854
766.000000, 34.291522979736
767.000000, 34.291965484619
768.000000, 34.292407989502
769.000000, 34.292850494385
770.000000, 34.293289184570
771.000000, 34.293769836426
772.000000, 34.294246673584
773.000000, 34.294727325439
774.000000, 34.295204162598
775.000000, 34.295680999756
776.000000, 34.296161651611
777.000000, 34.296638488770
778.000000, 34.297115325928
779.000000, 34.297595977783
780.000000, 34.298072814941
781.000000, 34.298480987549
782.000000, 34.298889160156
783.000000, 34.299293518066
784.000000, 34.299701690674
785.000000, 34.300109863281
786.000000, 34.300518035889
787.000000, 34.300922393799
788.000000, 34.301330566406
789.000000, 34.301738739014
790.000000, 34.302146911621
791.000000, 34.302677154541
792.000000, 34.303211212158
793.000000, 34.303745269775
794.000000, 34.304275512695
795.000000, 34.304809570312
796.000000, 34.305343627930
797.000000, 34.305873870850
798.000000, 34.306407928467
799.000000, 34.306938171387
800.000000, 34.307472229004
801.000000, 34.307872772217
802.000000, 34.308277130127
803.000000, 34.308677673340
804.000000, 34.309078216553
805.000000, 34.309482574463
806.000000, 34.309883117676
807.000000, 34.310283660889
808.000000, 34.310688018799
809.000000, 34.311088562012
810.000000, 34.311489105225
811.000000, 34.311893463135
812.000000, 34.312294006348
813.000000, 34.312694549561
814.000000, 34.313098907471
815.000000, 34.313499450684
816.000000, 34.313899993896
817.000000, 34.314304351807
818.000000, 34.314704895020
819.000000, 34.315105438232
820.000000, 34.315509796143
821.000000, 34.315971374512
822.000000, 34.316436767578
823.000000, 34.316898345947
824.000000, 34.317363739014
825.000000, 34.317829132080
826.000000, 34.318290710449
827.000000, 34.318756103516
828.000000, 34.319217681885
829.000000, 34.319683074951
830.000000, 34.320144653320
831.000000, 34.320610046387
832.000000, 34.321071624756
833.000000, 34.321537017822
834.000000, 34.321998596191
835.000000, 34.322463989258
836.000000, 34.322925567627
837.000000, 34.323390960693
838.000000, 34.323856353760
839.000000, 34.324317932129
840.000000, 34.324783325195
841.000000, 34.325153350830
842.000000, 34.325527191162
843.000000, 34.325901031494
844.000000, 34.326271057129
845.000000, 34.326644897461
846.000000, 34.327018737793
847.000000, 34.327392578125
848.000000, 34.327762603760
849.000000, 34.328136444092
850.000000, 34.328510284424
851.000000, 34.328880310059
852.000000, 34.329254150391
853.000000, 34.329627990723
854.000000, 34.330001831055
855.000000, 34.330371856689
856.000000, 34.330745697021
857.000000, 34.331119537354
858.000000, 34.331489562988
859.000000, 34.331863403320
860.000000, 34.332237243652
861.000000, 34.332626342773
862.000000, 34.333011627197
863.000000, 34.333400726318
864.000000, 34.333789825439
865.000000, 34.334178924561
866.000000, 34.334564208984
867.000000, 34.334953308105
868.000000, 34.335342407227
869.000000, 34.335731506348
870.000000, 34.336116790771
871.000000, 34.336505889893
872.000000, 34.336894989014
873.000000, 34.337284088135
874.000000, 34.337669372559
875.000000, 34.338058471680
876.000000, 34.338447570801
877.000000, 34.338836669922
878.000000, 34.339221954346
879.000000, 34.339611053467
880.000000, 34.340000152588
881.000000, 34.340389251709
882.000000, 34.340778350830
883.000000, 34.341171264648
884.000000, 34.341560363770
885.000000, 34.341949462891
886.000000, 34.342338562012
887.000000, 34.342731475830
888.000000, 34.343120574951
889.000000, 34.343509674072
890.000000, 34.343898773193
891.000000, 34.344291687012
892.000000, 34.344680786133
893.000000, 34.345069885254
894.000000, 34.345458984375
895.000000, 34.345851898193
896.000000, 34.346240997314
897.000000, 34.346630096436
898.000000, 34.347019195557
899.000000, 34.347408294678
900.000000, 34.347801208496
901.000000, 34.348140716553
902.000000, 34.348484039307
903.000000, 34.348823547363
904.000000, 34.349166870117
905.000000, 34.349510192871
906.000000, 34.349849700928
907.000000, 34.350193023682
908.000000, 34.350536346436
909.000000, 34.350875854492
910.000000, 34.351219177246
911.000000, 34.351558685303
912.000000, 34.351902008057
913.000000, 34.352245330811
914.000000, 34.352584838867
915.000000, 34.352928161621
916.000000, 34.353267669678
917.000000, 34.353610992432
918.000000, 34.353954315186
919.000000, 34.354293823242
920.000000, 34.354637145996
921.000000, 34.355007171631
922.000000, 34.355373382568
923.000000, 34.355743408203
924.000000, 34.356113433838
925.000000, 34.356483459473
926.000000, 34.356849670410
927.000000, 34.357219696045
928.000000, 34.357589721680
929.000000, 34.357959747314
930.000000, 34.358325958252
931.000000, 34.358695983887
932.000000, 34.359066009521
933.000000, 34.359436035156
934.000000, 34.359802246094
935.000000, 34.360172271729
936.000000, 34.360542297363
937.000000, 34.360912322998
938.000000, 34.361278533936
939.000000, 34.361648559570
940.000000, 34.362018585205
941.000000, 34.362350463867
942.000000, 34.362682342529
943.000000, 34.363014221191
944.000000, 34.363346099854
945.000000, 34.363677978516
946.000000, 34.364009857178
947.000000, 34.364341735840
948.000000, 34.364673614502
949.000000, 34.365005493164
950.000000, 34.365337371826
951.000000, 34.365669250488
952.000000, 34.366001129150
953.000000, 34.366333007812
954.000000, 34.366664886475
955.000000, 34.366996765137
956.000000, 34.367328643799
957.000000, 34.367660522461
958.000000, 34.367992401123
959.000000, 34.368324279785
960.000000, 34.368656158447
961.000000, 34.368965148926
962.000000, 34.369274139404
963.000000, 34.369583129883
964.000000, 34.369892120361
965.000000, 34.370201110840
966.000000, 34.370510101318
967.000000, 34.370819091797
968.000000, 34.371128082275
969.000000, 34.371437072754
970.000000, 34.371746063232
971.000000, 34.372055053711
972.000000, 34.372364044189
973.000000, 34.372673034668
974.000000, 34.372982025146
975.000000, 34.373291015625
976.000000, 34.373600006104
977.000000, 34.373908996582
978.000000, 34.374217987061
979.000000, 34.374526977539
980.000000, 34.374835968018
981.000000, 34.375183105469
982.000000, 34.375530242920
983.000000, 34.375873565674
984.000000, 34.376220703125
985.000000, 34.376567840576
986.000000, 34.376914978027
987.000000, 34.377262115479
988.000000, 34.377605438232
989.000000, 34.377952575684
990.000000, 34.378299713135
991.000000, 34.378646850586
992.000000, 34.378993988037
993.000000, 34.379337310791
994.000000, 34.379684448242
995.000000, 34.380031585693
996.000000, 34.380378723145
997.000000, 34.380725860596
998.000000, 34.381069183350
999.000000, 34.381416320801
1000.000000, 34.381763458252
